14 1778709446 1.000000 -1 1.000000 1.000000 1.000000
17 1778709446 1.000000 -1 1.000000 1.000000 1.000000
19 1778709451 1.000000 -1 1.000000 1.000000 1.000000
17 1778709456 1.000000 -1 1.000000 1.000000 1.000000
26 1778709461 1.000000 -1 1.000000 1.000000 1.000000
28 1778709461 1.000000 -1 1.000000 1.000000 1.000000
30 1778709461 1.000000 -1 1.000000 1.000000 1.000000
33 1778709466 1.000000 -1 1.000000 1.000000 1.000000
35 1778709466 1.000000 -1 1.000000 1.000000 1.000000
37 1778709466 1.000000 -1 1.000000 1.000000 1.000000
39 1778709466 1.000000 -1 1.000000 1.000000 1.000000
17 1778709466 1.000000 -1 1.000000 1.000000 1.000000
30 1778709466 1.000000 -1 1.000000 1.000000 1.000000
35 1778709471 1.000000 -1 1.000000 1.000000 1.000000
41 1778709471 1.000000 -1 1.000000 1.000000 1.000000
17 1778709471 1.000000 -1 1.000000 1.000000 1.000000
43 1778709476 1.000000 -1 1.000000 1.000000 1.000000
45 1778709476 1.000000 -1 1.000000 1.000000 1.000000
14 1778709476 1.000000 -1 1.000000 1.000000 1.000000
47 1778709476 1.000000 -1 1.000000 1.000000 1.000000
49 1778709481 1.000000 -1 1.000000 1.000000 1.000000
28 1778709481 1.000000 -1 1.000000 1.000000 1.000000
30 1778709481 2.000000 -1 2.000000 2.000000 2.000000
19 1778709481 1.000000 -1 1.000000 1.000000 1.000000
51 1778709486 1.000000 -1 1.000000 1.000000 1.000000
35 1778709486 2.000000 -1 2.000000 2.000000 2.000000
53 1778709486 1.000000 -1 1.000000 1.000000 1.000000
17 1778709486 1.000000 -1 1.000000 1.000000 1.000000
55 1778709486 1.000000 -1 1.000000 1.000000 1.000000
57 1778709491 1.000000 -1 1.000000 1.000000 1.000000
37 1778709491 1.000000 -1 1.000000 1.000000 1.000000
33 1778709496 1.000000 -1 1.000000 1.000000 1.000000
60 1778709496 1.000000 -1 1.000000 1.000000 1.000000
45 1778709496 1.000000 -1 1.000000 1.000000 1.000000
30 1778709496 1.000000 -1 1.000000 1.000000 1.000000
35 1778709506 1.000000 -1 1.000000 1.000000 1.000000
43 1778709506 1.000000 -1 1.000000 1.000000 1.000000
53 1778709511 1.000000 -1 1.000000 1.000000 1.000000
37 1778709521 1.000000 -1 1.000000 1.000000 1.000000
45 1778709531 1.000000 -1 1.000000 1.000000 1.000000
53 1778709536 1.000000 -1 1.000000 1.000000 1.000000
30 1778709536 1.000000 -1 1.000000 1.000000 1.000000
41 1778709546 1.000000 -1 1.000000 1.000000 1.000000
37 1778709546 1.000000 -1 1.000000 1.000000 1.000000
35 1778709551 1.000000 -1 1.000000 1.000000 1.000000
47 1778709551 1.000000 -1 1.000000 1.000000 1.000000
30 1778709551 1.000000 -1 1.000000 1.000000 1.000000
49 1778709556 1.000000 -1 1.000000 1.000000 1.000000
51 1778709561 1.000000 -1 1.000000 1.000000 1.000000
35 1778709561 1.000000 -1 1.000000 1.000000 1.000000
45 1778709561 1.000000 -1 1.000000 1.000000 1.000000
30 1778709561 2.000000 -1 2.000000 2.000000 2.000000
55 1778709561 1.000000 -1 1.000000 1.000000 1.000000
57 1778709566 1.000000 -1 1.000000 1.000000 1.000000
53 1778709566 1.000000 -1 1.000000 1.000000 1.000000
35 1778709571 2.000000 -1 2.000000 2.000000 2.000000
60 1778709571 1.000000 -1 1.000000 1.000000 1.000000
19 1778709571 1.000000 -1 1.000000 1.000000 1.000000
33 1778709576 1.000000 -1 1.000000 1.000000 1.000000
37 1778709576 1.000000 -1 1.000000 1.000000 1.000000
43 1778709581 1.000000 -1 1.000000 1.000000 1.000000
45 1778709586 1.000000 -1 1.000000 1.000000 1.000000
30 1778709586 1.000000 -1 1.000000 1.000000 1.000000
35 1778709596 1.000000 -1 1.000000 1.000000 1.000000
53 1778709601 1.000000 -1 1.000000 1.000000 1.000000
19 1778709601 1.000000 -1 1.000000 1.000000 1.000000
33 1778709606 1.000000 -1 1.000000 1.000000 1.000000
37 1778709611 1.000000 -1 1.000000 1.000000 1.000000
43 1778709616 1.000000 -1 1.000000 1.000000 1.000000
45 1778709616 1.000000 -1 1.000000 1.000000 1.000000
41 1778709621 1.000000 -1 1.000000 1.000000 1.000000
47 1778709626 1.000000 -1 1.000000 1.000000 1.000000
53 1778709626 1.000000 -1 1.000000 1.000000 1.000000
30 1778709626 1.000000 -1 1.000000 1.000000 1.000000
49 1778709631 1.000000 -1 1.000000 1.000000 1.000000
51 1778709636 1.000000 -1 1.000000 1.000000 1.000000
35 1778709636 1.000000 -1 1.000000 1.000000 1.000000
37 1778709636 1.000000 -1 1.000000 1.000000 1.000000
30 1778709636 1.000000 -1 1.000000 1.000000 1.000000
55 1778709636 1.000000 -1 1.000000 1.000000 1.000000
57 1778709641 1.000000 -1 1.000000 1.000000 1.000000
30 1778709641 1.000000 -1 1.000000 1.000000 1.000000
35 1778709646 2.000000 -1 2.000000 2.000000 2.000000
60 1778709646 1.000000 -1 1.000000 1.000000 1.000000
45 1778709646 1.000000 -1 1.000000 1.000000 1.000000
53 1778709651 1.000000 -1 1.000000 1.000000 1.000000
30 1778709651 1.000000 -1 1.000000 1.000000 1.000000
35 1778709661 1.000000 -1 1.000000 1.000000 1.000000
37 1778709671 1.000000 -1 1.000000 1.000000 1.000000
30 1778709671 1.000000 -1 1.000000 1.000000 1.000000
19 1778709676 1.000000 -1 1.000000 1.000000 1.000000
35 1778709681 1.000000 -1 1.000000 1.000000 1.000000
45 1778709681 1.000000 -1 1.000000 1.000000 1.000000
33 1778709691 1.000000 -1 1.000000 1.000000 1.000000
53 1778709691 1.000000 -1 1.000000 1.000000 1.000000
43 1778709696 1.000000 -1 1.000000 1.000000 1.000000
41 1778709696 1.000000 -1 1.000000 1.000000 1.000000
37 1778709696 1.000000 -1 1.000000 1.000000 1.000000
45 1778709701 1.000000 -1 1.000000 1.000000 1.000000
47 1778709701 1.000000 -1 1.000000 1.000000 1.000000
49 1778709706 1.000000 -1 1.000000 1.000000 1.000000
51 1778709711 1.000000 -1 1.000000 1.000000 1.000000
30 1778709711 1.000000 -1 1.000000 1.000000 1.000000
55 1778709711 1.000000 -1 1.000000 1.000000 1.000000
19 1778709711 1.000000 -1 1.000000 1.000000 1.000000
57 1778709716 1.000000 -1 1.000000 1.000000 1.000000
53 1778709716 1.000000 -1 1.000000 1.000000 1.000000
30 1778709716 1.000000 -1 1.000000 1.000000 1.000000
33 1778709721 1.000000 -1 1.000000 1.000000 1.000000
60 1778709721 1.000000 -1 1.000000 1.000000 1.000000
30 1778709721 1.000000 -1 1.000000 1.000000 1.000000
35 1778709726 2.000000 -1 2.000000 2.000000 2.000000
35 1778709731 1.000000 -1 1.000000 1.000000 1.000000
43 1778709736 1.000000 -1 1.000000 1.000000 1.000000
37 1778709736 1.000000 -1 1.000000 1.000000 1.000000
30 1778709736 1.000000 -1 1.000000 1.000000 1.000000
35 1778709746 1.000000 -1 1.000000 1.000000 1.000000
45 1778709746 1.000000 -1 1.000000 1.000000 1.000000
37 1778709751 1.000000 -1 1.000000 1.000000 1.000000
30 1778709756 1.000000 -1 1.000000 1.000000 1.000000
45 1778709761 1.000000 -1 1.000000 1.000000 1.000000
53 1778709761 1.000000 -1 1.000000 1.000000 1.000000
35 1778709766 1.000000 -1 1.000000 1.000000 1.000000
41 1778709771 1.000000 -1 1.000000 1.000000 1.000000
53 1778709771 1.000000 -1 1.000000 1.000000 1.000000
47 1778709776 1.000000 -1 1.000000 1.000000 1.000000
49 1778709781 1.000000 -1 1.000000 1.000000 1.000000
51 1778709786 1.000000 -1 1.000000 1.000000 1.000000
55 1778709786 1.000000 -1 1.000000 1.000000 1.000000
57 1778709791 1.000000 -1 1.000000 1.000000 1.000000
19 1778709791 1.000000 -1 1.000000 1.000000 1.000000
60 1778709796 1.000000 -1 1.000000 1.000000 1.000000
30 1778709796 1.000000 -1 1.000000 1.000000 1.000000
33 1778709801 1.000000 -1 1.000000 1.000000 1.000000
37 1778709801 1.000000 -1 1.000000 1.000000 1.000000
30 1778709801 2.000000 -1 2.000000 2.000000 2.000000
45 1778709806 1.000000 -1 1.000000 1.000000 1.000000
35 1778709811 1.000000 -1 1.000000 1.000000 1.000000
43 1778709811 1.000000 -1 1.000000 1.000000 1.000000
37 1778709811 1.000000 -1 1.000000 1.000000 1.000000
35 1778709816 2.000000 -1 2.000000 2.000000 2.000000
53 1778709816 1.000000 -1 1.000000 1.000000 1.000000
30 1778709816 1.000000 -1 1.000000 1.000000 1.000000
45 1778709826 1.000000 -1 1.000000 1.000000 1.000000
19 1778709826 1.000000 -1 1.000000 1.000000 1.000000
33 1778709831 1.000000 -1 1.000000 1.000000 1.000000
35 1778709831 1.000000 -1 1.000000 1.000000 1.000000
53 1778709836 1.000000 -1 1.000000 1.000000 1.000000
30 1778709841 1.000000 -1 1.000000 1.000000 1.000000
43 1778709846 1.000000 -1 1.000000 1.000000 1.000000
41 1778709846 1.000000 -1 1.000000 1.000000 1.000000
35 1778709851 1.000000 -1 1.000000 1.000000 1.000000
47 1778709851 1.000000 -1 1.000000 1.000000 1.000000
49 1778709856 1.000000 -1 1.000000 1.000000 1.000000
37 1778709856 1.000000 -1 1.000000 1.000000 1.000000
51 1778709861 1.000000 -1 1.000000 1.000000 1.000000
55 1778709861 1.000000 -1 1.000000 1.000000 1.000000
45 1778709866 1.000000 -1 1.000000 1.000000 1.000000
57 1778709866 1.000000 -1 1.000000 1.000000 1.000000
60 1778709871 1.000000 -1 1.000000 1.000000 1.000000
37 1778709871 1.000000 -1 1.000000 1.000000 1.000000
45 1778709876 1.000000 -1 1.000000 1.000000 1.000000
53 1778709876 1.000000 -1 1.000000 1.000000 1.000000
53 1778709886 1.000000 -1 1.000000 1.000000 1.000000
30 1778709886 1.000000 -1 1.000000 1.000000 1.000000
35 1778709896 1.000000 -1 1.000000 1.000000 1.000000
30 1778709896 2.000000 -1 2.000000 2.000000 2.000000
35 1778709901 1.000000 -1 1.000000 1.000000 1.000000
35 1778709906 1.000000 -1 1.000000 1.000000 1.000000
19 1778709906 1.000000 -1 1.000000 1.000000 1.000000
30 1778709911 1.000000 -1 1.000000 1.000000 1.000000
33 1778709916 1.000000 -1 1.000000 1.000000 1.000000
35 1778709921 1.000000 -1 1.000000 1.000000 1.000000
41 1778709921 1.000000 -1 1.000000 1.000000 1.000000
37 1778709921 2.000000 -1 2.000000 2.000000 2.000000
47 1778709926 1.000000 -1 1.000000 1.000000 1.000000
30 1778709926 1.000000 -1 1.000000 1.000000 1.000000
43 1778709931 1.000000 -1 1.000000 1.000000 1.000000
45 1778709931 2.000000 -1 2.000000 2.000000 2.000000
49 1778709931 1.000000 -1 1.000000 1.000000 1.000000
51 1778709936 1.000000 -1 1.000000 1.000000 1.000000
35 1778709936 1.000000 -1 1.000000 1.000000 1.000000
55 1778709936 1.000000 -1 1.000000 1.000000 1.000000
19 1778709936 1.000000 -1 1.000000 1.000000 1.000000
57 1778709941 1.000000 -1 1.000000 1.000000 1.000000
53 1778709941 1.000000 -1 1.000000 1.000000 1.000000
60 1778709946 1.000000 -1 1.000000 1.000000 1.000000
53 1778709946 1.000000 -1 1.000000 1.000000 1.000000
33 1778709951 1.000000 -1 1.000000 1.000000 1.000000
43 1778709956 1.000000 -1 1.000000 1.000000 1.000000
30 1778709976 3.000000 -1 3.000000 3.000000 3.000000
35 1778709981 1.000000 -1 1.000000 1.000000 1.000000
35 1778709986 1.000000 -1 1.000000 1.000000 1.000000
37 1778709986 2.000000 -1 2.000000 2.000000 2.000000
35 1778709991 1.000000 -1 1.000000 1.000000 1.000000
45 1778709996 2.000000 -1 2.000000 2.000000 2.000000
41 1778709996 1.000000 -1 1.000000 1.000000 1.000000
47 1778710001 1.000000 -1 1.000000 1.000000 1.000000
30 1778710001 1.000000 -1 1.000000 1.000000 1.000000
35 1778710006 1.000000 -1 1.000000 1.000000 1.000000
49 1778710006 1.000000 -1 1.000000 1.000000 1.000000
53 1778710006 2.000000 -1 2.000000 2.000000 2.000000
51 1778710011 1.000000 -1 1.000000 1.000000 1.000000
30 1778710011 1.000000 -1 1.000000 1.000000 1.000000
55 1778710011 1.000000 -1 1.000000 1.000000 1.000000
57 1778710016 1.000000 -1 1.000000 1.000000 1.000000
35 1778710021 1.000000 -1 1.000000 1.000000 1.000000
60 1778710021 1.000000 -1 1.000000 1.000000 1.000000
19 1778710021 1.000000 -1 1.000000 1.000000 1.000000
33 1778710036 1.000000 -1 1.000000 1.000000 1.000000
43 1778710041 1.000000 -1 1.000000 1.000000 1.000000
19 1778710046 1.000000 -1 1.000000 1.000000 1.000000
37 1778710051 2.000000 -1 2.000000 2.000000 2.000000
30 1778710056 1.000000 -1 1.000000 1.000000 1.000000
33 1778710061 1.000000 -1 1.000000 1.000000 1.000000
45 1778710061 1.000000 -1 1.000000 1.000000 1.000000
30 1778710061 1.000000 -1 1.000000 1.000000 1.000000
35 1778710066 1.000000 -1 1.000000 1.000000 1.000000
43 1778710066 1.000000 -1 1.000000 1.000000 1.000000
45 1778710066 1.000000 -1 1.000000 1.000000 1.000000
41 1778710066 1.000000 -1 1.000000 1.000000 1.000000
30 1778710066 1.000000 -1 1.000000 1.000000 1.000000
35 1778710071 1.000000 -1 1.000000 1.000000 1.000000
47 1778710071 1.000000 -1 1.000000 1.000000 1.000000
53 1778710071 1.000000 -1 1.000000 1.000000 1.000000
49 1778710076 1.000000 -1 1.000000 1.000000 1.000000
53 1778710076 1.000000 -1 1.000000 1.000000 1.000000
51 1778710081 1.000000 -1 1.000000 1.000000 1.000000
35 1778710081 1.000000 -1 1.000000 1.000000 1.000000
55 1778710081 1.000000 -1 1.000000 1.000000 1.000000
57 1778710086 1.000000 -1 1.000000 1.000000 1.000000
30 1778710086 1.000000 -1 1.000000 1.000000 1.000000
35 1778710091 1.000000 -1 1.000000 1.000000 1.000000
60 1778710091 1.000000 -1 1.000000 1.000000 1.000000
30 1778710096 1.000000 -1 1.000000 1.000000 1.000000
35 1778710101 1.000000 -1 1.000000 1.000000 1.000000
37 1778710106 1.000000 -1 1.000000 1.000000 1.000000
45 1778710116 1.000000 -1 1.000000 1.000000 1.000000
53 1778710121 1.000000 -1 1.000000 1.000000 1.000000
37 1778710121 1.000000 -1 1.000000 1.000000 1.000000
45 1778710126 1.000000 -1 1.000000 1.000000 1.000000
53 1778710131 1.000000 -1 1.000000 1.000000 1.000000
19 1778710136 1.000000 -1 1.000000 1.000000 1.000000
41 1778710141 1.000000 -1 1.000000 1.000000 1.000000
30 1778710141 1.000000 -1 1.000000 1.000000 1.000000
47 1778710146 1.000000 -1 1.000000 1.000000 1.000000
33 1778710151 1.000000 -1 1.000000 1.000000 1.000000
49 1778710151 1.000000 -1 1.000000 1.000000 1.000000
30 1778710151 1.000000 -1 1.000000 1.000000 1.000000
51 1778710156 1.000000 -1 1.000000 1.000000 1.000000
35 1778710156 2.000000 -1 2.000000 2.000000 2.000000
43 1778710156 1.000000 -1 1.000000 1.000000 1.000000
37 1778710156 1.000000 -1 1.000000 1.000000 1.000000
30 1778710156 1.000000 -1 1.000000 1.000000 1.000000
55 1778710156 1.000000 -1 1.000000 1.000000 1.000000
35 1778710161 1.000000 -1 1.000000 1.000000 1.000000
57 1778710161 1.000000 -1 1.000000 1.000000 1.000000
19 1778710161 1.000000 -1 1.000000 1.000000 1.000000
60 1778710166 1.000000 -1 1.000000 1.000000 1.000000
45 1778710171 1.000000 -1 1.000000 1.000000 1.000000
37 1778710171 1.000000 -1 1.000000 1.000000 1.000000
30 1778710171 1.000000 -1 1.000000 1.000000 1.000000
33 1778710176 1.000000 -1 1.000000 1.000000 1.000000
35 1778710176 1.000000 -1 1.000000 1.000000 1.000000
30 1778710176 1.000000 -1 1.000000 1.000000 1.000000
43 1778710181 1.000000 -1 1.000000 1.000000 1.000000
45 1778710181 1.000000 -1 1.000000 1.000000 1.000000
35 1778710186 1.000000 -1 1.000000 1.000000 1.000000
53 1778710186 1.000000 -1 1.000000 1.000000 1.000000
53 1778710191 1.000000 -1 1.000000 1.000000 1.000000
41 1778710216 1.000000 -1 1.000000 1.000000 1.000000
47 1778710221 1.000000 -1 1.000000 1.000000 1.000000
37 1778710221 1.000000 -1 1.000000 1.000000 1.000000
45 1778710226 1.000000 -1 1.000000 1.000000 1.000000
49 1778710226 1.000000 -1 1.000000 1.000000 1.000000
30 1778710226 1.000000 -1 1.000000 1.000000 1.000000
51 1778710231 1.000000 -1 1.000000 1.000000 1.000000
35 1778710231 1.000000 -1 1.000000 1.000000 1.000000
30 1778710231 1.000000 -1 1.000000 1.000000 1.000000
55 1778710231 1.000000 -1 1.000000 1.000000 1.000000
57 1778710236 1.000000 -1 1.000000 1.000000 1.000000
53 1778710236 1.000000 -1 1.000000 1.000000 1.000000
37 1778710236 1.000000 -1 1.000000 1.000000 1.000000
30 1778710236 1.000000 -1 1.000000 1.000000 1.000000
35 1778710241 1.000000 -1 1.000000 1.000000 1.000000
60 1778710241 1.000000 -1 1.000000 1.000000 1.000000
45 1778710241 1.000000 -1 1.000000 1.000000 1.000000
35 1778710246 1.000000 -1 1.000000 1.000000 1.000000
19 1778710251 1.000000 -1 1.000000 1.000000 1.000000
53 1778710256 1.000000 -1 1.000000 1.000000 1.000000
30 1778710256 2.000000 -1 2.000000 2.000000 2.000000
33 1778710261 1.000000 -1 1.000000 1.000000 1.000000
35 1778710266 2.000000 -1 2.000000 2.000000 2.000000
43 1778710271 1.000000 -1 1.000000 1.000000 1.000000
37 1778710271 1.000000 -1 1.000000 1.000000 1.000000
19 1778710276 1.000000 -1 1.000000 1.000000 1.000000
45 1778710281 1.000000 -1 1.000000 1.000000 1.000000
33 1778710286 1.000000 -1 1.000000 1.000000 1.000000
53 1778710286 1.000000 -1 1.000000 1.000000 1.000000
41 1778710291 1.000000 -1 1.000000 1.000000 1.000000
43 1778710296 1.000000 -1 1.000000 1.000000 1.000000
47 1778710296 1.000000 -1 1.000000 1.000000 1.000000
37 1778710296 1.000000 -1 1.000000 1.000000 1.000000
49 1778710301 1.000000 -1 1.000000 1.000000 1.000000
51 1778710306 1.000000 -1 1.000000 1.000000 1.000000
45 1778710306 1.000000 -1 1.000000 1.000000 1.000000
55 1778710306 1.000000 -1 1.000000 1.000000 1.000000
57 1778710311 1.000000 -1 1.000000 1.000000 1.000000
30 1778710311 2.000000 -1 2.000000 2.000000 2.000000
60 1778710316 1.000000 -1 1.000000 1.000000 1.000000
53 1778710316 1.000000 -1 1.000000 1.000000 1.000000
30 1778710316 1.000000 -1 1.000000 1.000000 1.000000
35 1778710321 2.000000 -1 2.000000 2.000000 2.000000
35 1778710326 1.000000 -1 1.000000 1.000000 1.000000
37 1778710331 1.000000 -1 1.000000 1.000000 1.000000
30 1778710336 1.000000 -1 1.000000 1.000000 1.000000
45 1778710341 1.000000 -1 1.000000 1.000000 1.000000
30 1778710341 1.000000 -1 1.000000 1.000000 1.000000
35 1778710346 2.000000 -1 2.000000 2.000000 2.000000
53 1778710351 1.000000 -1 1.000000 1.000000 1.000000
37 1778710356 1.000000 -1 1.000000 1.000000 1.000000
45 1778710366 1.000000 -1 1.000000 1.000000 1.000000
41 1778710366 1.000000 -1 1.000000 1.000000 1.000000
19 1778710366 1.000000 -1 1.000000 1.000000 1.000000
33 1778710371 1.000000 -1 1.000000 1.000000 1.000000
47 1778710371 1.000000 -1 1.000000 1.000000 1.000000
43 1778710376 1.000000 -1 1.000000 1.000000 1.000000
49 1778710376 1.000000 -1 1.000000 1.000000 1.000000
51 1778710381 1.000000 -1 1.000000 1.000000 1.000000
53 1778710381 1.000000 -1 1.000000 1.000000 1.000000
55 1778710381 1.000000 -1 1.000000 1.000000 1.000000
57 1778710386 1.000000 -1 1.000000 1.000000 1.000000
19 1778710386 1.000000 -1 1.000000 1.000000 1.000000
60 1778710391 1.000000 -1 1.000000 1.000000 1.000000
62 1778710391 1.000000 -1 1.000000 1.000000 1.000000
33 1778710396 1.000000 -1 1.000000 1.000000 1.000000
37 1778710396 1.000000 -1 1.000000 1.000000 1.000000
30 1778710396 1.000000 -1 1.000000 1.000000 1.000000
64 1778710401 1.000000 -1 1.000000 1.000000 1.000000
35 1778710406 1.000000 -1 1.000000 1.000000 1.000000
43 1778710406 1.000000 -1 1.000000 1.000000 1.000000
45 1778710406 1.000000 -1 1.000000 1.000000 1.000000
53 1778710416 1.000000 -1 1.000000 1.000000 1.000000
62 1778710426 1.000000 -1 1.000000 1.000000 1.000000
