15 1778709446 0.200000 -1 0.200000 0.200000 0.200000
15 1778709446 0.200000 -1 0.200000 0.200000 0.200000
15 1778709451 0.200000 -1 0.200000 0.200000 0.200000
15 1778709456 0.200000 -1 0.200000 0.200000 0.200000
15 1778709461 0.200000 -1 0.200000 0.200000 0.200000
15 1778709461 0.200000 -1 0.200000 0.200000 0.200000
15 1778709461 0.200000 -1 0.200000 0.200000 0.200000
15 1778709466 0.200000 -1 0.200000 0.200000 0.200000
15 1778709466 0.200000 -1 0.200000 0.200000 0.200000
15 1778709466 0.200000 -1 0.200000 0.200000 0.200000
15 1778709466 0.200000 -1 0.200000 0.200000 0.200000
15 1778709466 0.200000 -1 0.200000 0.200000 0.200000
15 1778709466 0.200000 -1 0.200000 0.200000 0.200000
15 1778709471 0.200000 -1 0.200000 0.200000 0.200000
15 1778709471 0.200000 -1 0.200000 0.200000 0.200000
15 1778709471 0.200000 -1 0.200000 0.200000 0.200000
15 1778709476 0.200000 -1 0.200000 0.200000 0.200000
15 1778709476 0.200000 -1 0.200000 0.200000 0.200000
15 1778709476 0.200000 -1 0.200000 0.200000 0.200000
15 1778709476 0.200000 -1 0.200000 0.200000 0.200000
15 1778709481 0.200000 -1 0.200000 0.200000 0.200000
15 1778709481 0.200000 -1 0.200000 0.200000 0.200000
15 1778709481 0.400000 -1 0.400000 0.400000 0.400000
15 1778709481 0.200000 -1 0.200000 0.200000 0.200000
15 1778709486 0.200000 -1 0.200000 0.200000 0.200000
15 1778709486 0.400000 -1 0.400000 0.400000 0.400000
15 1778709486 0.200000 -1 0.200000 0.200000 0.200000
15 1778709486 0.200000 -1 0.200000 0.200000 0.200000
15 1778709486 0.200000 -1 0.200000 0.200000 0.200000
15 1778709491 0.200000 -1 0.200000 0.200000 0.200000
15 1778709491 0.200000 -1 0.200000 0.200000 0.200000
15 1778709496 0.200000 -1 0.200000 0.200000 0.200000
15 1778709496 0.200000 -1 0.200000 0.200000 0.200000
15 1778709496 0.200000 -1 0.200000 0.200000 0.200000
15 1778709496 0.200000 -1 0.200000 0.200000 0.200000
15 1778709506 0.200000 -1 0.200000 0.200000 0.200000
15 1778709506 0.200000 -1 0.200000 0.200000 0.200000
15 1778709511 0.200000 -1 0.200000 0.200000 0.200000
15 1778709521 0.200000 -1 0.200000 0.200000 0.200000
15 1778709531 0.200000 -1 0.200000 0.200000 0.200000
15 1778709536 0.200000 -1 0.200000 0.200000 0.200000
15 1778709536 0.200000 -1 0.200000 0.200000 0.200000
15 1778709546 0.200000 -1 0.200000 0.200000 0.200000
15 1778709546 0.200000 -1 0.200000 0.200000 0.200000
15 1778709551 0.200000 -1 0.200000 0.200000 0.200000
15 1778709551 0.200000 -1 0.200000 0.200000 0.200000
15 1778709551 0.200000 -1 0.200000 0.200000 0.200000
15 1778709556 0.200000 -1 0.200000 0.200000 0.200000
15 1778709561 0.200000 -1 0.200000 0.200000 0.200000
15 1778709561 0.200000 -1 0.200000 0.200000 0.200000
15 1778709561 0.200000 -1 0.200000 0.200000 0.200000
15 1778709561 0.400000 -1 0.400000 0.400000 0.400000
15 1778709561 0.200000 -1 0.200000 0.200000 0.200000
15 1778709566 0.200000 -1 0.200000 0.200000 0.200000
15 1778709566 0.200000 -1 0.200000 0.200000 0.200000
15 1778709571 0.400000 -1 0.400000 0.400000 0.400000
15 1778709571 0.200000 -1 0.200000 0.200000 0.200000
15 1778709571 0.200000 -1 0.200000 0.200000 0.200000
15 1778709576 0.200000 -1 0.200000 0.200000 0.200000
15 1778709576 0.200000 -1 0.200000 0.200000 0.200000
15 1778709581 0.200000 -1 0.200000 0.200000 0.200000
15 1778709586 0.200000 -1 0.200000 0.200000 0.200000
15 1778709586 0.200000 -1 0.200000 0.200000 0.200000
15 1778709596 0.200000 -1 0.200000 0.200000 0.200000
15 1778709601 0.200000 -1 0.200000 0.200000 0.200000
15 1778709601 0.200000 -1 0.200000 0.200000 0.200000
15 1778709606 0.200000 -1 0.200000 0.200000 0.200000
15 1778709611 0.200000 -1 0.200000 0.200000 0.200000
15 1778709616 0.200000 -1 0.200000 0.200000 0.200000
15 1778709616 0.200000 -1 0.200000 0.200000 0.200000
15 1778709621 0.200000 -1 0.200000 0.200000 0.200000
15 1778709626 0.200000 -1 0.200000 0.200000 0.200000
15 1778709626 0.200000 -1 0.200000 0.200000 0.200000
15 1778709626 0.200000 -1 0.200000 0.200000 0.200000
15 1778709631 0.200000 -1 0.200000 0.200000 0.200000
15 1778709636 0.200000 -1 0.200000 0.200000 0.200000
15 1778709636 0.200000 -1 0.200000 0.200000 0.200000
15 1778709636 0.200000 -1 0.200000 0.200000 0.200000
15 1778709636 0.200000 -1 0.200000 0.200000 0.200000
15 1778709636 0.200000 -1 0.200000 0.200000 0.200000
15 1778709641 0.200000 -1 0.200000 0.200000 0.200000
15 1778709641 0.200000 -1 0.200000 0.200000 0.200000
15 1778709646 0.400000 -1 0.400000 0.400000 0.400000
15 1778709646 0.200000 -1 0.200000 0.200000 0.200000
15 1778709646 0.200000 -1 0.200000 0.200000 0.200000
15 1778709651 0.200000 -1 0.200000 0.200000 0.200000
15 1778709651 0.200000 -1 0.200000 0.200000 0.200000
15 1778709661 0.200000 -1 0.200000 0.200000 0.200000
15 1778709671 0.200000 -1 0.200000 0.200000 0.200000
15 1778709671 0.200000 -1 0.200000 0.200000 0.200000
15 1778709676 0.200000 -1 0.200000 0.200000 0.200000
15 1778709681 0.200000 -1 0.200000 0.200000 0.200000
15 1778709681 0.200000 -1 0.200000 0.200000 0.200000
15 1778709691 0.200000 -1 0.200000 0.200000 0.200000
15 1778709691 0.200000 -1 0.200000 0.200000 0.200000
15 1778709696 0.200000 -1 0.200000 0.200000 0.200000
15 1778709696 0.200000 -1 0.200000 0.200000 0.200000
15 1778709696 0.200000 -1 0.200000 0.200000 0.200000
15 1778709701 0.200000 -1 0.200000 0.200000 0.200000
15 1778709701 0.200000 -1 0.200000 0.200000 0.200000
15 1778709706 0.200000 -1 0.200000 0.200000 0.200000
15 1778709711 0.200000 -1 0.200000 0.200000 0.200000
15 1778709711 0.200000 -1 0.200000 0.200000 0.200000
15 1778709711 0.200000 -1 0.200000 0.200000 0.200000
15 1778709711 0.200000 -1 0.200000 0.200000 0.200000
15 1778709716 0.200000 -1 0.200000 0.200000 0.200000
15 1778709716 0.200000 -1 0.200000 0.200000 0.200000
15 1778709716 0.200000 -1 0.200000 0.200000 0.200000
15 1778709721 0.200000 -1 0.200000 0.200000 0.200000
15 1778709721 0.200000 -1 0.200000 0.200000 0.200000
15 1778709721 0.200000 -1 0.200000 0.200000 0.200000
15 1778709726 0.400000 -1 0.400000 0.400000 0.400000
15 1778709731 0.200000 -1 0.200000 0.200000 0.200000
15 1778709736 0.200000 -1 0.200000 0.200000 0.200000
15 1778709736 0.200000 -1 0.200000 0.200000 0.200000
15 1778709736 0.200000 -1 0.200000 0.200000 0.200000
15 1778709746 0.200000 -1 0.200000 0.200000 0.200000
15 1778709746 0.200000 -1 0.200000 0.200000 0.200000
15 1778709751 0.200000 -1 0.200000 0.200000 0.200000
15 1778709756 0.200000 -1 0.200000 0.200000 0.200000
15 1778709761 0.200000 -1 0.200000 0.200000 0.200000
15 1778709761 0.200000 -1 0.200000 0.200000 0.200000
15 1778709766 0.200000 -1 0.200000 0.200000 0.200000
15 1778709771 0.200000 -1 0.200000 0.200000 0.200000
15 1778709771 0.200000 -1 0.200000 0.200000 0.200000
15 1778709776 0.200000 -1 0.200000 0.200000 0.200000
15 1778709781 0.200000 -1 0.200000 0.200000 0.200000
15 1778709786 0.200000 -1 0.200000 0.200000 0.200000
15 1778709786 0.200000 -1 0.200000 0.200000 0.200000
15 1778709791 0.200000 -1 0.200000 0.200000 0.200000
15 1778709791 0.200000 -1 0.200000 0.200000 0.200000
15 1778709796 0.200000 -1 0.200000 0.200000 0.200000
15 1778709796 0.200000 -1 0.200000 0.200000 0.200000
15 1778709801 0.200000 -1 0.200000 0.200000 0.200000
15 1778709801 0.200000 -1 0.200000 0.200000 0.200000
15 1778709801 0.400000 -1 0.400000 0.400000 0.400000
15 1778709806 0.200000 -1 0.200000 0.200000 0.200000
15 1778709811 0.200000 -1 0.200000 0.200000 0.200000
15 1778709811 0.200000 -1 0.200000 0.200000 0.200000
15 1778709811 0.200000 -1 0.200000 0.200000 0.200000
15 1778709816 0.400000 -1 0.400000 0.400000 0.400000
15 1778709816 0.200000 -1 0.200000 0.200000 0.200000
15 1778709816 0.200000 -1 0.200000 0.200000 0.200000
15 1778709826 0.200000 -1 0.200000 0.200000 0.200000
15 1778709826 0.200000 -1 0.200000 0.200000 0.200000
15 1778709831 0.200000 -1 0.200000 0.200000 0.200000
15 1778709831 0.200000 -1 0.200000 0.200000 0.200000
15 1778709836 0.200000 -1 0.200000 0.200000 0.200000
15 1778709841 0.200000 -1 0.200000 0.200000 0.200000
15 1778709846 0.200000 -1 0.200000 0.200000 0.200000
15 1778709846 0.200000 -1 0.200000 0.200000 0.200000
15 1778709851 0.200000 -1 0.200000 0.200000 0.200000
15 1778709851 0.200000 -1 0.200000 0.200000 0.200000
15 1778709856 0.200000 -1 0.200000 0.200000 0.200000
15 1778709856 0.200000 -1 0.200000 0.200000 0.200000
15 1778709861 0.200000 -1 0.200000 0.200000 0.200000
15 1778709861 0.200000 -1 0.200000 0.200000 0.200000
15 1778709866 0.200000 -1 0.200000 0.200000 0.200000
15 1778709866 0.200000 -1 0.200000 0.200000 0.200000
15 1778709871 0.200000 -1 0.200000 0.200000 0.200000
15 1778709871 0.200000 -1 0.200000 0.200000 0.200000
15 1778709876 0.200000 -1 0.200000 0.200000 0.200000
15 1778709876 0.200000 -1 0.200000 0.200000 0.200000
15 1778709886 0.200000 -1 0.200000 0.200000 0.200000
15 1778709886 0.200000 -1 0.200000 0.200000 0.200000
15 1778709896 0.200000 -1 0.200000 0.200000 0.200000
15 1778709896 0.400000 -1 0.400000 0.400000 0.400000
15 1778709901 0.200000 -1 0.200000 0.200000 0.200000
15 1778709906 0.200000 -1 0.200000 0.200000 0.200000
15 1778709906 0.200000 -1 0.200000 0.200000 0.200000
15 1778709911 0.200000 -1 0.200000 0.200000 0.200000
15 1778709916 0.200000 -1 0.200000 0.200000 0.200000
15 1778709921 0.200000 -1 0.200000 0.200000 0.200000
15 1778709921 0.200000 -1 0.200000 0.200000 0.200000
15 1778709921 0.400000 -1 0.400000 0.400000 0.400000
15 1778709926 0.200000 -1 0.200000 0.200000 0.200000
15 1778709926 0.200000 -1 0.200000 0.200000 0.200000
15 1778709931 0.200000 -1 0.200000 0.200000 0.200000
15 1778709931 0.400000 -1 0.400000 0.400000 0.400000
15 1778709931 0.200000 -1 0.200000 0.200000 0.200000
15 1778709936 0.200000 -1 0.200000 0.200000 0.200000
15 1778709936 0.200000 -1 0.200000 0.200000 0.200000
15 1778709936 0.200000 -1 0.200000 0.200000 0.200000
15 1778709936 0.200000 -1 0.200000 0.200000 0.200000
15 1778709941 0.200000 -1 0.200000 0.200000 0.200000
15 1778709941 0.200000 -1 0.200000 0.200000 0.200000
15 1778709946 0.200000 -1 0.200000 0.200000 0.200000
15 1778709946 0.200000 -1 0.200000 0.200000 0.200000
15 1778709951 0.200000 -1 0.200000 0.200000 0.200000
15 1778709956 0.200000 -1 0.200000 0.200000 0.200000
15 1778709976 0.600000 -1 0.600000 0.600000 0.600000
15 1778709981 0.200000 -1 0.200000 0.200000 0.200000
15 1778709986 0.200000 -1 0.200000 0.200000 0.200000
15 1778709986 0.400000 -1 0.400000 0.400000 0.400000
15 1778709991 0.200000 -1 0.200000 0.200000 0.200000
15 1778709996 0.400000 -1 0.400000 0.400000 0.400000
15 1778709996 0.200000 -1 0.200000 0.200000 0.200000
15 1778710001 0.200000 -1 0.200000 0.200000 0.200000
15 1778710001 0.200000 -1 0.200000 0.200000 0.200000
15 1778710006 0.200000 -1 0.200000 0.200000 0.200000
15 1778710006 0.200000 -1 0.200000 0.200000 0.200000
15 1778710006 0.400000 -1 0.400000 0.400000 0.400000
15 1778710011 0.200000 -1 0.200000 0.200000 0.200000
15 1778710011 0.200000 -1 0.200000 0.200000 0.200000
15 1778710011 0.200000 -1 0.200000 0.200000 0.200000
15 1778710016 0.200000 -1 0.200000 0.200000 0.200000
15 1778710021 0.200000 -1 0.200000 0.200000 0.200000
15 1778710021 0.200000 -1 0.200000 0.200000 0.200000
15 1778710021 0.200000 -1 0.200000 0.200000 0.200000
15 1778710036 0.200000 -1 0.200000 0.200000 0.200000
15 1778710041 0.200000 -1 0.200000 0.200000 0.200000
15 1778710046 0.200000 -1 0.200000 0.200000 0.200000
15 1778710051 0.400000 -1 0.400000 0.400000 0.400000
15 1778710056 0.200000 -1 0.200000 0.200000 0.200000
15 1778710061 0.200000 -1 0.200000 0.200000 0.200000
15 1778710061 0.200000 -1 0.200000 0.200000 0.200000
15 1778710061 0.200000 -1 0.200000 0.200000 0.200000
15 1778710066 0.200000 -1 0.200000 0.200000 0.200000
15 1778710066 0.200000 -1 0.200000 0.200000 0.200000
15 1778710066 0.200000 -1 0.200000 0.200000 0.200000
15 1778710066 0.200000 -1 0.200000 0.200000 0.200000
15 1778710066 0.200000 -1 0.200000 0.200000 0.200000
15 1778710071 0.200000 -1 0.200000 0.200000 0.200000
15 1778710071 0.200000 -1 0.200000 0.200000 0.200000
15 1778710071 0.200000 -1 0.200000 0.200000 0.200000
15 1778710076 0.200000 -1 0.200000 0.200000 0.200000
15 1778710076 0.200000 -1 0.200000 0.200000 0.200000
15 1778710081 0.200000 -1 0.200000 0.200000 0.200000
15 1778710081 0.200000 -1 0.200000 0.200000 0.200000
15 1778710081 0.200000 -1 0.200000 0.200000 0.200000
15 1778710086 0.200000 -1 0.200000 0.200000 0.200000
15 1778710086 0.200000 -1 0.200000 0.200000 0.200000
15 1778710091 0.200000 -1 0.200000 0.200000 0.200000
15 1778710091 0.200000 -1 0.200000 0.200000 0.200000
15 1778710096 0.200000 -1 0.200000 0.200000 0.200000
15 1778710101 0.200000 -1 0.200000 0.200000 0.200000
15 1778710106 0.200000 -1 0.200000 0.200000 0.200000
15 1778710116 0.200000 -1 0.200000 0.200000 0.200000
15 1778710121 0.200000 -1 0.200000 0.200000 0.200000
15 1778710121 0.200000 -1 0.200000 0.200000 0.200000
15 1778710126 0.200000 -1 0.200000 0.200000 0.200000
15 1778710131 0.200000 -1 0.200000 0.200000 0.200000
15 1778710136 0.200000 -1 0.200000 0.200000 0.200000
15 1778710141 0.200000 -1 0.200000 0.200000 0.200000
15 1778710141 0.200000 -1 0.200000 0.200000 0.200000
15 1778710146 0.200000 -1 0.200000 0.200000 0.200000
15 1778710151 0.200000 -1 0.200000 0.200000 0.200000
15 1778710151 0.200000 -1 0.200000 0.200000 0.200000
15 1778710151 0.200000 -1 0.200000 0.200000 0.200000
15 1778710156 0.200000 -1 0.200000 0.200000 0.200000
15 1778710156 0.400000 -1 0.400000 0.400000 0.400000
15 1778710156 0.200000 -1 0.200000 0.200000 0.200000
15 1778710156 0.200000 -1 0.200000 0.200000 0.200000
15 1778710156 0.200000 -1 0.200000 0.200000 0.200000
15 1778710156 0.200000 -1 0.200000 0.200000 0.200000
15 1778710161 0.200000 -1 0.200000 0.200000 0.200000
15 1778710161 0.200000 -1 0.200000 0.200000 0.200000
15 1778710161 0.200000 -1 0.200000 0.200000 0.200000
15 1778710166 0.200000 -1 0.200000 0.200000 0.200000
15 1778710171 0.200000 -1 0.200000 0.200000 0.200000
15 1778710171 0.200000 -1 0.200000 0.200000 0.200000
15 1778710171 0.200000 -1 0.200000 0.200000 0.200000
15 1778710176 0.200000 -1 0.200000 0.200000 0.200000
15 1778710176 0.200000 -1 0.200000 0.200000 0.200000
15 1778710176 0.200000 -1 0.200000 0.200000 0.200000
15 1778710181 0.200000 -1 0.200000 0.200000 0.200000
15 1778710181 0.200000 -1 0.200000 0.200000 0.200000
15 1778710186 0.200000 -1 0.200000 0.200000 0.200000
15 1778710186 0.200000 -1 0.200000 0.200000 0.200000
15 1778710191 0.200000 -1 0.200000 0.200000 0.200000
15 1778710216 0.200000 -1 0.200000 0.200000 0.200000
15 1778710221 0.200000 -1 0.200000 0.200000 0.200000
15 1778710221 0.200000 -1 0.200000 0.200000 0.200000
15 1778710226 0.200000 -1 0.200000 0.200000 0.200000
15 1778710226 0.200000 -1 0.200000 0.200000 0.200000
15 1778710226 0.200000 -1 0.200000 0.200000 0.200000
15 1778710231 0.200000 -1 0.200000 0.200000 0.200000
15 1778710231 0.200000 -1 0.200000 0.200000 0.200000
15 1778710231 0.200000 -1 0.200000 0.200000 0.200000
15 1778710231 0.200000 -1 0.200000 0.200000 0.200000
15 1778710236 0.200000 -1 0.200000 0.200000 0.200000
15 1778710236 0.200000 -1 0.200000 0.200000 0.200000
15 1778710236 0.200000 -1 0.200000 0.200000 0.200000
15 1778710236 0.200000 -1 0.200000 0.200000 0.200000
15 1778710241 0.200000 -1 0.200000 0.200000 0.200000
15 1778710241 0.200000 -1 0.200000 0.200000 0.200000
15 1778710241 0.200000 -1 0.200000 0.200000 0.200000
15 1778710246 0.200000 -1 0.200000 0.200000 0.200000
15 1778710251 0.200000 -1 0.200000 0.200000 0.200000
15 1778710256 0.200000 -1 0.200000 0.200000 0.200000
15 1778710256 0.400000 -1 0.400000 0.400000 0.400000
15 1778710261 0.200000 -1 0.200000 0.200000 0.200000
15 1778710266 0.400000 -1 0.400000 0.400000 0.400000
15 1778710271 0.200000 -1 0.200000 0.200000 0.200000
15 1778710271 0.200000 -1 0.200000 0.200000 0.200000
15 1778710276 0.200000 -1 0.200000 0.200000 0.200000
15 1778710281 0.200000 -1 0.200000 0.200000 0.200000
15 1778710286 0.200000 -1 0.200000 0.200000 0.200000
15 1778710286 0.200000 -1 0.200000 0.200000 0.200000
15 1778710291 0.200000 -1 0.200000 0.200000 0.200000
15 1778710296 0.200000 -1 0.200000 0.200000 0.200000
15 1778710296 0.200000 -1 0.200000 0.200000 0.200000
15 1778710296 0.200000 -1 0.200000 0.200000 0.200000
15 1778710301 0.200000 -1 0.200000 0.200000 0.200000
15 1778710306 0.200000 -1 0.200000 0.200000 0.200000
15 1778710306 0.200000 -1 0.200000 0.200000 0.200000
15 1778710306 0.200000 -1 0.200000 0.200000 0.200000
15 1778710311 0.200000 -1 0.200000 0.200000 0.200000
15 1778710311 0.400000 -1 0.400000 0.400000 0.400000
15 1778710316 0.200000 -1 0.200000 0.200000 0.200000
15 1778710316 0.200000 -1 0.200000 0.200000 0.200000
15 1778710316 0.200000 -1 0.200000 0.200000 0.200000
15 1778710321 0.400000 -1 0.400000 0.400000 0.400000
15 1778710326 0.200000 -1 0.200000 0.200000 0.200000
15 1778710331 0.200000 -1 0.200000 0.200000 0.200000
15 1778710336 0.200000 -1 0.200000 0.200000 0.200000
15 1778710341 0.200000 -1 0.200000 0.200000 0.200000
15 1778710341 0.200000 -1 0.200000 0.200000 0.200000
15 1778710346 0.400000 -1 0.400000 0.400000 0.400000
15 1778710351 0.200000 -1 0.200000 0.200000 0.200000
15 1778710356 0.200000 -1 0.200000 0.200000 0.200000
15 1778710366 0.200000 -1 0.200000 0.200000 0.200000
15 1778710366 0.200000 -1 0.200000 0.200000 0.200000
15 1778710366 0.200000 -1 0.200000 0.200000 0.200000
15 1778710371 0.200000 -1 0.200000 0.200000 0.200000
15 1778710371 0.200000 -1 0.200000 0.200000 0.200000
15 1778710376 0.200000 -1 0.200000 0.200000 0.200000
15 1778710376 0.200000 -1 0.200000 0.200000 0.200000
15 1778710381 0.200000 -1 0.200000 0.200000 0.200000
15 1778710381 0.200000 -1 0.200000 0.200000 0.200000
15 1778710381 0.200000 -1 0.200000 0.200000 0.200000
15 1778710386 0.200000 -1 0.200000 0.200000 0.200000
15 1778710386 0.200000 -1 0.200000 0.200000 0.200000
15 1778710391 0.200000 -1 0.200000 0.200000 0.200000
15 1778710391 0.200000 -1 0.200000 0.200000 0.200000
15 1778710396 0.200000 -1 0.200000 0.200000 0.200000
15 1778710396 0.200000 -1 0.200000 0.200000 0.200000
15 1778710396 0.200000 -1 0.200000 0.200000 0.200000
15 1778710401 0.200000 -1 0.200000 0.200000 0.200000
15 1778710406 0.200000 -1 0.200000 0.200000 0.200000
15 1778710406 0.200000 -1 0.200000 0.200000 0.200000
15 1778710406 0.200000 -1 0.200000 0.200000 0.200000
15 1778710416 0.200000 -1 0.200000 0.200000 0.200000
15 1778710426 0.200000 -1 0.200000 0.200000 0.200000
