5 1778520467 482.000000 1 482.000000 482.000000 482.000000
6 1778520465 250.374811 1 250.374811 250.374811 250.374811
7 1778520465 85.430618 1 85.430618 85.430618 85.430618
8 1778520465 83.869613 1 83.869613 83.869613 83.869613
9 1778520465 86.991623 1 86.991623 86.991623 86.991623
10 1778520465 89.072964 1 89.072964 89.072964 89.072964
5 1778520470 459.000000 1 459.000000 459.000000 459.000000
6 1778520468 235.148574 1 235.148574 235.148574 235.148574
7 1778520468 100.000000 1 100.000000 100.000000 100.000000
8 1778520468 98.957980 1 98.957980 98.957980 98.957980
9 1778520468 98.957980 1 98.957980 98.957980 98.957980
10 1778520468 99.478990 1 99.478990 99.478990 99.478990
5 1778520473 413.000000 1 413.000000 413.000000 413.000000
6 1778520471 364.531340 1 364.531340 364.531340 364.531340
7 1778520471 94.259340 1 94.259340 94.259340 94.259340
8 1778520471 96.346853 1 96.346853 96.346853 96.346853
9 1778520471 96.868731 1 96.868731 96.868731 96.868731
10 1778520471 98.434365 1 98.434365 98.434365 98.434365
5 1778520476 375.000000 1 375.000000 375.000000 375.000000
6 1778520474 275.840285 1 275.840285 275.840285 275.840285
7 1778520474 98.962309 1 98.962309 98.962309 98.962309
8 1778520474 98.962309 1 98.962309 98.962309 98.962309
9 1778520474 100.000000 1 100.000000 100.000000 100.000000
10 1778520474 100.000000 1 100.000000 100.000000 100.000000
5 1778520479 355.000000 1 355.000000 355.000000 355.000000
6 1778520477 268.491891 1 268.491891 268.491891 268.491891
7 1778520477 94.248200 1 94.248200 94.248200 94.248200
8 1778520477 89.019292 1 89.019292 89.019292 89.019292
9 1778520477 95.293982 1 95.293982 95.293982 95.293982
10 1778520477 94.771091 1 94.771091 94.771091 94.771091
5 1778520482 334.000000 1 334.000000 334.000000 334.000000
6 1778520480 562.539026 1 562.539026 562.539026 562.539026
7 1778520480 80.728810 1 80.728810 80.728810 80.728810
8 1778520480 78.645438 1 78.645438 78.645438 78.645438
9 1778520480 80.728810 1 80.728810 80.728810 80.728810
10 1778520480 79.687124 1 79.687124 79.687124 79.687124
5 1778520485 370.000000 1 370.000000 370.000000 370.000000
6 1778520483 629.899470 1 629.899470 629.899470 629.899470
7 1778520483 77.690120 1 77.690120 77.690120 77.690120
8 1778520483 74.058279 1 74.058279 74.058279 74.058279
9 1778520483 77.171286 1 77.171286 77.171286 77.171286
10 1778520483 85.991471 1 85.991471 85.991471 85.991471
5 1778520488 369.000000 1 369.000000 369.000000 369.000000
6 1778520486 325.857928 1 325.857928 325.857928 325.857928
7 1778520486 90.629756 1 90.629756 90.629756 90.629756
8 1778520486 89.588618 1 89.588618 89.588618 89.588618
9 1778520486 90.629756 1 90.629756 90.629756 90.629756
10 1778520486 92.191464 1 92.191464 92.191464 92.191464
5 1778520491 331.000000 1 331.000000 331.000000 331.000000
6 1778520489 368.846390 1 368.846390 368.846390 368.846390
7 1778520489 78.113104 1 78.113104 78.113104 78.113104
8 1778520489 77.591987 1 77.591987 77.591987 77.591987
9 1778520489 72.380821 1 72.380821 72.380821 72.380821
10 1778520489 80.197570 1 80.197570 80.197570 80.197570
5 1778520494 347.000000 1 347.000000 347.000000 347.000000
6 1778520492 351.211615 1 351.211615 351.211615 351.211615
7 1778520492 83.330976 1 83.330976 83.330976 83.330976
8 1778520492 82.289162 1 82.289162 82.289162 82.289162
9 1778520492 83.330976 1 83.330976 83.330976 83.330976
10 1778520492 86.977325 1 86.977325 86.977325 86.977325
5 1778520497 311.000000 1 311.000000 311.000000 311.000000
6 1778520495 310.052839 1 310.052839 310.052839 310.052839
7 1778520495 85.905699 1 85.905699 85.905699 85.905699
8 1778520495 77.553521 1 77.553521 77.553521 77.553521
9 1778520495 79.119554 1 79.119554 79.119554 79.119554
10 1778520495 82.251621 1 82.251621 82.251621 82.251621
5 1778520500 343.000000 1 343.000000 343.000000 343.000000
6 1778520498 357.897504 1 357.897504 357.897504 357.897504
7 1778520498 80.787429 1 80.787429 80.787429 80.787429
8 1778520498 76.114101 1 76.114101 76.114101 76.114101
9 1778520498 74.037067 1 74.037067 74.037067 74.037067
10 1778520498 87.018533 1 87.018533 87.018533 87.018533
5 1778520503 345.000000 1 345.000000 345.000000 345.000000
6 1778520501 451.445556 1 451.445556 451.445556 451.445556
7 1778520501 88.021696 1 88.021696 88.021696 88.021696
8 1778520501 79.168167 1 79.168167 79.168167 79.168167
9 1778520501 84.376125 1 84.376125 84.376125 84.376125
10 1778520501 86.980104 1 86.980104 86.980104 86.980104
5 1778520506 293.000000 1 293.000000 293.000000 293.000000
6 1778520504 570.203076 1 570.203076 570.203076 570.203076
7 1778520504 62.334527 1 62.334527 62.334527 62.334527
8 1778520504 52.395027 1 52.395027 52.395027 52.395027
9 1778520504 58.149474 1 58.149474 58.149474 58.149474
10 1778520504 67.042711 1 67.042711 67.042711 67.042711
5 1778520509 261.000000 1 261.000000 261.000000 261.000000
6 1778520507 527.852904 1 527.852904 527.852904 527.852904
7 1778520507 82.298059 1 82.298059 82.298059 82.298059
8 1778520507 80.736123 1 80.736123 80.736123 80.736123
9 1778520507 80.736123 1 80.736123 80.736123 80.736123
10 1778520507 86.463221 1 86.463221 86.463221 86.463221
5 1778520512 333.000000 1 333.000000 333.000000 333.000000
6 1778520510 605.404726 1 605.404726 605.404726 605.404726
7 1778520510 67.254249 1 67.254249 67.254249 67.254249
8 1778520510 68.293797 1 68.293797 68.293797 68.293797
9 1778520510 68.293797 1 68.293797 68.293797 68.293797
10 1778520510 78.689273 1 78.689273 78.689273 78.689273
5 1778520515 310.000000 1 310.000000 310.000000 310.000000
6 1778520513 555.641756 1 555.641756 555.641756 555.641756
7 1778520513 69.238640 1 69.238640 69.238640 69.238640
8 1778520513 63.503471 1 63.503471 63.503471 63.503471
9 1778520513 67.674503 1 67.674503 67.674503 67.674503
10 1778520513 78.102082 1 78.102082 78.102082 78.102082
5 1778520518 293.000000 1 293.000000 293.000000 293.000000
6 1778520516 570.683183 1 570.683183 570.683183 570.683183
7 1778520516 60.380281 1 60.380281 60.380281 60.380281
8 1778520516 55.167160 1 55.167160 55.167160 55.167160
9 1778520516 64.550778 1 64.550778 64.550778 64.550778
10 1778520516 75.498332 1 75.498332 75.498332 75.498332
5 1778520521 302.000000 1 302.000000 302.000000 302.000000
6 1778520519 647.624301 1 647.624301 647.624301 647.624301
7 1778520519 73.493268 1 73.493268 73.493268 73.493268
8 1778520519 68.815609 1 68.815609 68.815609 68.815609
9 1778520519 72.973528 1 72.973528 72.973528 72.973528
10 1778520519 71.934048 1 71.934048 71.934048 71.934048
5 1778520524 789.000000 1 789.000000 789.000000 789.000000
6 1778520522 657.560214 1 657.560214 657.560214 657.560214
7 1778520522 70.767535 1 70.767535 70.767535 70.767535
8 1778520522 59.283352 1 59.283352 59.283352 59.283352
9 1778520522 63.459419 1 63.459419 63.459419 63.459419
10 1778520522 64.503435 1 64.503435 64.503435 64.503435
5 1778520527 814.000000 1 814.000000 814.000000 814.000000
6 1778520525 327.585171 1 327.585171 327.585171 327.585171
7 1778520525 69.882946 1 69.882946 69.882946 69.882946
8 1778520525 65.728870 1 65.728870 65.728870 65.728870
9 1778520525 64.690351 1 64.690351 64.690351 64.690351
10 1778520525 68.844427 1 68.844427 68.844427 68.844427
5 1778520530 684.000000 1 684.000000 684.000000 684.000000
6 1778520528 187.800725 1 187.800725 187.800725 187.800725
7 1778520528 74.418239 1 74.418239 74.418239 74.418239
8 1778520528 66.587087 1 66.587087 66.587087 66.587087
9 1778520528 62.932550 1 62.932550 62.932550 62.932550
10 1778520528 70.241624 1 70.241624 70.241624 70.241624
5 1778520533 670.000000 1 670.000000 670.000000 670.000000
6 1778520531 163.646079 1 163.646079 163.646079 163.646079
7 1778520531 57.451596 1 57.451596 57.451596 57.451596
8 1778520531 45.517288 1 45.517288 45.517288 45.517288
9 1778520531 55.376064 1 55.376064 55.376064 55.376064
10 1778520531 51.743883 1 51.743883 51.743883 51.743883
5 1778520536 658.000000 1 658.000000 658.000000 658.000000
6 1778520534 178.862079 1 178.862079 178.862079 178.862079
7 1778520534 39.004227 1 39.004227 39.004227 39.004227
8 1778520534 31.705587 1 31.705587 31.705587 31.705587
9 1778520534 37.961564 1 37.961564 37.961564 37.961564
10 1778520534 56.729494 1 56.729494 56.729494 56.729494
5 1778520539 609.000000 1 609.000000 609.000000 609.000000
6 1778520537 136.849033 1 136.849033 136.849033 136.849033
7 1778520537 55.248043 1 55.248043 55.248043 55.248043
8 1778520537 53.166557 1 53.166557 53.166557 53.166557
9 1778520537 59.411016 1 59.411016 59.411016 59.411016
10 1778520537 63.573989 1 63.573989 63.573989 63.573989
5 1778520542 615.000000 1 615.000000 615.000000 615.000000
6 1778520540 126.762612 1 126.762612 126.762612 126.762612
7 1778520540 50.496166 1 50.496166 50.496166 50.496166
8 1778520540 45.285236 1 45.285236 45.285236 45.285236
9 1778520540 47.890701 1 47.890701 47.890701 47.890701
10 1778520540 54.143817 1 54.143817 54.143817 54.143817
5 1778520545 559.000000 1 559.000000 559.000000 559.000000
6 1778520543 581.647384 1 581.647384 581.647384 581.647384
7 1778520543 80.195388 1 80.195388 80.195388 80.195388
8 1778520543 74.462474 1 74.462474 74.462474 74.462474
9 1778520543 74.983648 1 74.983648 74.983648 74.983648
10 1778520543 79.153040 1 79.153040 79.153040 79.153040
5 1778520548 660.000000 1 660.000000 660.000000 660.000000
6 1778520546 475.453667 1 475.453667 475.453667 475.453667
7 1778520546 49.463408 1 49.463408 49.463408 49.463408
8 1778520546 43.732454 1 43.732454 43.732454 43.732454
9 1778520546 47.379424 1 47.379424 47.379424 47.379424
10 1778520546 47.379424 1 47.379424 47.379424 47.379424
5 1778520551 669.000000 1 669.000000 669.000000 669.000000
6 1778520549 146.581855 1 146.581855 146.581855 146.581855
7 1778520549 50.994679 1 50.994679 50.994679 50.994679
8 1778520549 43.174681 1 43.174681 43.174681 43.174681
9 1778520549 47.345346 1 47.345346 47.345346 47.345346
10 1778520549 56.729344 1 56.729344 56.729344 56.729344
5 1778520554 565.000000 1 565.000000 565.000000 565.000000
6 1778520552 93.951924 1 93.951924 93.951924 93.951924
7 1778520552 36.337462 1 36.337462 36.337462 36.337462
8 1778520552 34.250165 1 34.250165 34.250165 34.250165
9 1778520552 31.641045 1 31.641045 31.641045 31.641045
10 1778520552 42.599351 1 42.599351 42.599351 42.599351
5 1778520557 712.000000 1 712.000000 712.000000 712.000000
6 1778520555 125.485005 1 125.485005 125.485005 125.485005
7 1778520555 32.843484 1 32.843484 32.843484 32.843484
8 1778520555 32.843484 1 32.843484 32.843484 32.843484
9 1778520555 40.131788 1 40.131788 40.131788 40.131788
10 1778520555 39.090602 1 39.090602 39.090602 39.090602
5 1778520560 629.000000 1 629.000000 629.000000 629.000000
6 1778520558 55.748683 1 55.748683 55.748683 55.748683
7 1778520558 56.298007 1 56.298007 56.298007 56.298007
8 1778520558 47.453556 1 47.453556 47.453556 47.453556
9 1778520558 53.696698 1 53.696698 53.696698 53.696698
10 1778520558 64.101934 1 64.101934 64.101934 64.101934
5 1778520563 562.000000 1 562.000000 562.000000 562.000000
6 1778520561 170.572384 1 170.572384 170.572384 170.572384
7 1778520561 55.121655 1 55.121655 55.121655 55.121655
8 1778520561 53.034290 1 53.034290 53.034290 53.034290
9 1778520561 56.165338 1 56.165338 56.165338 56.165338
10 1778520561 58.252703 1 58.252703 58.252703 58.252703
5 1778520566 523.000000 1 523.000000 523.000000 523.000000
6 1778520564 93.680400 1 93.680400 93.680400 93.680400
7 1778520564 39.558308 1 39.558308 39.558308 39.558308
8 1778520564 30.700474 1 30.700474 30.700474 30.700474
9 1778520564 32.784671 1 32.784671 32.784671 32.784671
10 1778520564 48.937192 1 48.937192 48.937192 48.937192
5 1778520569 582.000000 1 582.000000 582.000000 582.000000
6 1778520567 170.050331 1 170.050331 170.050331 170.050331
7 1778520567 39.666903 1 39.666903 39.666903 39.666903
8 1778520567 32.905435 1 32.905435 32.905435 32.905435
9 1778520567 40.707129 1 40.707129 40.707129 40.707129
10 1778520567 43.827806 1 43.827806 43.827806 43.827806
5 1778520572 585.000000 1 585.000000 585.000000 585.000000
6 1778520570 112.319758 1 112.319758 112.319758 112.319758
7 1778520570 26.587343 1 26.587343 26.587343 26.587343
8 1778520570 21.901429 1 21.901429 21.901429 21.901429
9 1778520570 21.380771 1 21.380771 21.380771 21.380771
10 1778520570 40.124429 1 40.124429 40.124429 40.124429
5 1778520575 582.000000 1 582.000000 582.000000 582.000000
6 1778520573 57.929073 1 57.929073 57.929073 57.929073
7 1778520573 20.960929 1 20.960929 20.960929 20.960929
8 1778520573 15.240996 1 15.240996 15.240996 15.240996
9 1778520573 19.400947 1 19.400947 19.400947 19.400947
10 1778520573 27.720849 1 27.720849 27.720849 27.720849
5 1778520578 430.000000 1 430.000000 430.000000 430.000000
6 1778520576 869.300734 1 869.300734 869.300734 869.300734
7 1778520576 67.682929 1 67.682929 67.682929 67.682929
8 1778520576 55.173095 1 55.173095 55.173095 55.173095
9 1778520576 64.034227 1 64.034227 64.034227 64.034227
10 1778520576 64.555470 1 64.555470 64.555470 64.555470
5 1778520581 561.000000 1 561.000000 561.000000 561.000000
6 1778520579 101.153816 1 101.153816 101.153816 101.153816
7 1778520579 66.713803 1 66.713803 66.713803 66.713803
8 1778520579 52.671189 1 52.671189 52.671189 52.671189
9 1778520579 65.673610 1 65.673610 65.673610 65.673610
10 1778520579 67.753997 1 67.753997 67.753997 67.753997
5 1778520584 414.000000 1 414.000000 414.000000 414.000000
6 1778520582 131.045377 1 131.045377 131.045377 131.045377
7 1778520582 73.885496 1 73.885496 73.885496 73.885496
8 1778520582 60.828243 1 60.828243 60.828243 60.828243
9 1778520582 75.452366 1 75.452366 75.452366 75.452366
10 1778520582 79.630687 1 79.630687 79.630687 79.630687
5 1778520587 392.000000 1 392.000000 392.000000 392.000000
6 1778520585 160.527837 1 160.527837 160.527837 160.527837
7 1778520585 66.199918 1 66.199918 66.199918 66.199918
8 1778520585 54.239889 1 54.239889 54.239889 54.239889
9 1778520585 61.519907 1 61.519907 61.519907 61.519907
10 1778520585 66.199918 1 66.199918 66.199918 66.199918
5 1778520590 412.000000 1 412.000000 412.000000 412.000000
6 1778520588 47.619138 1 47.619138 47.619138 47.619138
7 1778520588 24.873713 1 24.873713 24.873713 24.873713
8 1778520588 17.048058 1 17.048058 17.048058 17.048058
9 1778520588 22.786871 1 22.786871 22.786871 22.786871
10 1778520588 53.046070 1 53.046070 53.046070 53.046070
5 1778520593 440.000000 1 440.000000 440.000000 440.000000
6 1778520591 37.538374 1 37.538374 37.538374 37.538374
7 1778520591 23.483300 1 23.483300 23.483300 23.483300
8 1778520591 10.470256 1 10.470256 10.470256 10.470256
9 1778520591 13.593387 1 13.593387 13.593387 13.593387
10 1778520591 42.742606 1 42.742606 42.742606 42.742606
5 1778520596 404.000000 1 404.000000 404.000000 404.000000
6 1778520594 39.644119 1 39.644119 39.644119 39.644119
7 1778520594 52.698960 1 52.698960 52.698960 52.698960
8 1778520594 46.981251 1 46.981251 46.981251 46.981251
9 1778520594 44.382293 1 44.382293 44.382293 44.382293
10 1778520594 50.100001 1 50.100001 50.100001 50.100001
5 1778520599 372.000000 1 372.000000 372.000000 372.000000
6 1778520597 42.725508 1 42.725508 42.725508 42.725508
7 1778520597 71.884370 1 71.884370 71.884370 71.884370
8 1778520597 67.719091 1 67.719091 67.719091 67.719091
9 1778520597 73.446349 1 73.446349 73.446349 73.446349
10 1778520597 78.132288 1 78.132288 78.132288 78.132288
5 1778520602 502.000000 1 502.000000 502.000000 502.000000
6 1778520600 54.685858 1 54.685858 54.685858 54.685858
7 1778520600 42.568820 1 42.568820 42.568820 42.568820
8 1778520600 44.657226 1 44.657226 44.657226 44.657226
9 1778520600 43.613023 1 43.613023 43.613023 43.613023
10 1778520600 46.745633 1 46.745633 46.745633 46.745633
5 1778520605 591.000000 1 591.000000 591.000000 591.000000
6 1778520603 24.024918 1 24.024918 24.024918 24.024918
7 1778520603 45.457603 1 45.457603 45.457603 45.457603
8 1778520603 49.093763 1 49.093763 49.093763 49.093763
9 1778520603 49.093763 1 49.093763 49.093763 49.093763
10 1778520603 49.093763 1 49.093763 49.093763 49.093763
5 1778520608 593.000000 1 593.000000 593.000000 593.000000
6 1778520606 26.894977 1 26.894977 26.894977 26.894977
7 1778520606 43.547480 1 43.547480 43.547480 43.547480
8 1778520606 37.797687 1 37.797687 37.797687 37.797687
9 1778520606 34.138727 1 34.138727 34.138727 34.138727
10 1778520606 45.115606 1 45.115606 45.115606 45.115606
5 1778520611 620.000000 1 620.000000 620.000000 620.000000
6 1778520609 21.741072 1 21.741072 21.741072 21.741072
7 1778520609 41.224336 1 41.224336 41.224336 41.224336
8 1778520609 47.986138 1 47.986138 47.986138 47.986138
9 1778520609 45.385445 1 45.385445 45.385445 45.385445
10 1778520609 53.707663 1 53.707663 53.707663 53.707663
5 1778520614 650.000000 1 650.000000 650.000000 650.000000
6 1778520612 28.931302 1 28.931302 28.931302 28.931302
7 1778520612 35.469859 1 35.469859 35.469859 35.469859
8 1778520612 40.153498 1 40.153498 40.153498 40.153498
9 1778520612 33.908646 1 33.908646 33.908646 33.908646
10 1778520612 44.316733 1 44.316733 44.316733 44.316733
5 1778520617 642.000000 1 642.000000 642.000000 642.000000
6 1778520615 27.851749 1 27.851749 27.851749 27.851749
7 1778520615 41.513915 1 41.513915 41.513915 41.513915
8 1778520615 44.124901 1 44.124901 44.124901 44.124901
9 1778520615 44.124901 1 44.124901 44.124901 44.124901
10 1778520615 54.046647 1 54.046647 54.046647 54.046647
5 1778520620 603.000000 1 603.000000 603.000000 603.000000
6 1778520618 61.556319 1 61.556319 61.556319 61.556319
7 1778520618 60.437680 1 60.437680 60.437680 60.437680
8 1778520618 60.437680 1 60.437680 60.437680 60.437680
9 1778520618 61.478793 1 61.478793 61.478793 61.478793
10 1778520618 64.081577 1 64.081577 64.081577 64.081577
5 1778520623 588.000000 1 588.000000 588.000000 588.000000
6 1778520621 31.112939 1 31.112939 31.112939 31.112939
7 1778520621 44.250271 1 44.250271 44.250271 44.250271
8 1778520621 41.645143 1 41.645143 41.645143 41.645143
9 1778520621 42.687194 1 42.687194 42.687194 42.687194
10 1778520621 49.460526 1 49.460526 49.460526 49.460526
5 1778520626 592.000000 1 592.000000 592.000000 592.000000
6 1778520624 45.928023 1 45.928023 45.928023 45.928023
7 1778520624 36.485827 1 36.485827 36.485827 36.485827
8 1778520624 27.114883 1 27.114883 27.114883 27.114883
9 1778520624 32.841571 1 32.841571 32.841571 32.841571
10 1778520624 47.418594 1 47.418594 47.418594 47.418594
5 1778520629 632.000000 1 632.000000 632.000000 632.000000
6 1778520627 53.542067 1 53.542067 53.542067 53.542067
7 1778520627 24.247747 1 24.247747 24.247747 24.247747
8 1778520627 25.804300 1 25.804300 25.804300 25.804300
9 1778520627 25.804300 1 25.804300 25.804300 25.804300
10 1778520627 37.219023 1 37.219023 37.219023 37.219023
5 1778520632 526.000000 1 526.000000 526.000000 526.000000
6 1778520630 245.226174 1 245.226174 245.226174 245.226174
7 1778520630 34.618003 1 34.618003 34.618003 34.618003
8 1778520630 17.880212 1 17.880212 17.880212 17.880212
9 1778520630 27.818276 1 27.818276 27.818276 27.818276
10 1778520630 19.972436 1 19.972436 19.972436 19.972436
5 1778520635 499.000000 1 499.000000 499.000000 499.000000
6 1778520633 684.138275 1 684.138275 684.138275 684.138275
7 1778520633 30.232354 1 30.232354 30.232354 30.232354
8 1778520633 22.422543 1 22.422543 22.422543 22.422543
9 1778520633 35.438895 1 35.438895 35.438895 35.438895
10 1778520633 19.819273 1 19.819273 19.819273 19.819273
5 1778520638 503.000000 1 503.000000 503.000000 503.000000
6 1778520636 403.160000 1 403.160000 403.160000 403.160000
7 1778520636 56.749662 1 56.749662 56.749662 56.749662
8 1778520636 42.680275 1 42.680275 42.680275 42.680275
9 1778520636 54.665309 1 54.665309 54.665309 54.665309
10 1778520636 47.370071 1 47.370071 47.370071 47.370071
5 1778520641 493.000000 1 493.000000 493.000000 493.000000
6 1778520639 237.620852 1 237.620852 237.620852 237.620852
7 1778520639 59.468882 1 59.468882 59.468882 59.468882
8 1778520639 45.958510 1 45.958510 45.958510 45.958510
9 1778520639 54.272585 1 54.272585 54.272585 54.272585
10 1778520639 54.792215 1 54.792215 54.792215 54.792215
5 1778520644 508.000000 1 508.000000 508.000000 508.000000
6 1778520642 23.576894 1 23.576894 23.576894 23.576894
7 1778520642 56.706373 1 56.706373 56.706373 56.706373
8 1778520642 42.622905 1 42.622905 42.622905 42.622905
9 1778520642 48.360614 1 48.360614 48.360614 48.360614
10 1778520642 51.490274 1 51.490274 51.490274 51.490274
5 1778520647 636.000000 1 636.000000 636.000000 636.000000
6 1778520645 30.652414 1 30.652414 30.652414 30.652414
7 1778520645 35.397409 1 35.397409 35.397409 35.397409
8 1778520645 31.229500 1 31.229500 31.229500 31.229500
9 1778520645 45.296193 1 45.296193 45.296193 45.296193
10 1778520645 38.002352 1 38.002352 38.002352 38.002352
5 1778520650 618.000000 1 618.000000 618.000000 618.000000
6 1778520648 92.409191 1 92.409191 92.409191 92.409191
7 1778520648 42.271291 1 42.271291 42.271291 42.271291
8 1778520648 30.309487 1 30.309487 30.309487 30.309487
9 1778520648 40.711056 1 40.711056 40.711056 40.711056
10 1778520648 41.231134 1 41.231134 41.231134 41.231134
5 1778520653 562.000000 1 562.000000 562.000000 562.000000
6 1778520651 40.758871 1 40.758871 40.758871 40.758871
7 1778520651 47.943946 1 47.943946 47.943946 47.943946
8 1778520651 40.135538 1 40.135538 40.135538 40.135538
9 1778520651 56.793475 1 56.793475 56.793475 56.793475
10 1778520651 47.423385 1 47.423385 47.423385 47.423385
5 1778520656 559.000000 1 559.000000 559.000000 559.000000
6 1778520654 6.675767 1 6.675767 6.675767 6.675767
7 1778520654 14.176865 1 14.176865 14.176865 14.176865
8 1778520654 24.579669 1 24.579669 24.579669 24.579669
9 1778520654 32.901913 1 32.901913 32.901913 32.901913
10 1778520654 43.304717 1 43.304717 43.304717 43.304717
5 1778520659 573.000000 1 573.000000 573.000000 573.000000
6 1778520657 22.338006 1 22.338006 22.338006 22.338006
7 1778520657 25.569005 1 25.569005 25.569005 25.569005
8 1778520657 29.732977 1 29.732977 29.732977 29.732977
9 1778520657 34.417445 1 34.417445 34.417445 34.417445
10 1778520657 50.032339 1 50.032339 50.032339 50.032339
5 1778520662 574.000000 1 574.000000 574.000000 574.000000
6 1778520660 13.216192 1 13.216192 13.216192 13.216192
7 1778520660 17.378199 1 17.378199 17.378199 17.378199
8 1778520660 23.130349 1 23.130349 23.130349 23.130349
9 1778520660 31.497114 1 31.497114 31.497114 31.497114
10 1778520660 46.138952 1 46.138952 46.138952 46.138952
5 1778520665 504.000000 1 504.000000 504.000000 504.000000
6 1778520663 81.053277 1 81.053277 81.053277 81.053277
7 1778520663 48.923946 1 48.923946 48.923946 48.923946
8 1778520663 29.640129 1 29.640129 29.640129 29.640129
9 1778520663 44.754472 1 44.754472 44.754472 44.754472
10 1778520663 58.305262 1 58.305262 58.305262 58.305262
5 1778520668 449.000000 1 449.000000 449.000000 449.000000
6 1778520666 28.842760 1 28.842760 28.842760 28.842760
7 1778520666 38.308110 1 38.308110 38.308110 38.308110
8 1778520666 27.939725 1 27.939725 27.939725 27.939725
9 1778520666 38.308110 1 38.308110 38.308110 38.308110
10 1778520666 47.121237 1 47.121237 47.121237 47.121237
5 1778520671 446.000000 1 446.000000 446.000000 446.000000
6 1778520669 11.469326 1 11.469326 11.469326 11.469326
7 1778520669 23.283904 1 23.283904 23.283904 23.283904
8 1778520669 21.196391 1 21.196391 21.196391 21.196391
9 1778520669 35.808981 1 35.808981 35.808981 35.808981
10 1778520669 48.334058 1 48.334058 48.334058 48.334058
5 1778520674 441.000000 1 441.000000 441.000000 441.000000
6 1778520672 7.633351 1 7.633351 7.633351 7.633351
7 1778520672 18.641240 1 18.641240 18.641240 18.641240
8 1778520672 29.071850 1 29.071850 29.071850 29.071850
9 1778520672 33.765625 1 33.765625 33.765625 33.765625
10 1778520672 43.674704 1 43.674704 43.674704 43.674704
5 1778520677 436.000000 1 436.000000 436.000000 436.000000
6 1778520675 6.454789 1 6.454789 6.454789 6.454789
7 1778520675 20.522451 1 20.522451 20.522451 20.522451
8 1778520675 27.794906 1 27.794906 27.794906 27.794906
9 1778520675 28.314367 1 28.314367 28.314367 28.314367
10 1778520675 42.339817 1 42.339817 42.339817 42.339817
5 1778520680 435.000000 1 435.000000 435.000000 435.000000
6 1778520678 8.582862 1 8.582862 8.582862 8.582862
7 1778520678 26.090994 1 26.090994 26.090994 26.090994
8 1778520678 24.529536 1 24.529536 24.529536 24.529536
9 1778520678 30.254881 1 30.254881 30.254881 30.254881
10 1778520678 42.226058 1 42.226058 42.226058 42.226058
5 1778520683 433.000000 1 433.000000 433.000000 433.000000
6 1778520681 2.452380 1 2.452380 2.452380 2.452380
7 1778520681 19.134975 1 19.134975 19.134975 19.134975
8 1778520681 23.830363 1 23.830363 23.830363 23.830363
9 1778520681 35.307980 1 35.307980 35.307980 35.307980
10 1778520681 49.394145 1 49.394145 49.394145 49.394145
5 1778520686 514.000000 1 514.000000 514.000000 514.000000
6 1778520684 15.083802 1 15.083802 15.083802 15.083802
7 1778520684 20.708949 1 20.708949 20.708949 20.708949
8 1778520684 22.273904 1 22.273904 22.273904 22.273904
9 1778520684 28.533724 1 28.533724 28.533724 28.533724
10 1778520684 46.791532 1 46.791532 46.791532 46.791532
5 1778520689 558.000000 1 558.000000 558.000000 558.000000
6 1778520687 736.787400 1 736.787400 736.787400 736.787400
7 1778520687 23.512129 1 23.512129 23.512129 23.512129
8 1778520687 21.951152 1 21.951152 21.951152 21.951152
9 1778520687 25.073106 1 25.073106 25.073106 25.073106
10 1778520687 24.032455 1 24.032455 24.032455 24.032455
5 1778520692 551.000000 1 551.000000 551.000000 551.000000
6 1778520690 121.692107 1 121.692107 121.692107 121.692107
7 1778520690 28.577172 1 28.577172 28.577172 28.577172
8 1778520690 24.406496 1 24.406496 24.406496 24.406496
9 1778520690 34.833186 1 34.833186 34.833186 34.833186
10 1778520690 30.662510 1 30.662510 30.662510 30.662510
5 1778520695 552.000000 1 552.000000 552.000000 552.000000
6 1778520693 16.104712 1 16.104712 16.104712 16.104712
7 1778520693 37.020599 1 37.020599 37.020599 37.020599
8 1778520693 37.541090 1 37.541090 37.541090 37.541090
9 1778520693 50.032872 1 50.032872 50.032872 50.032872
10 1778520693 58.881217 1 58.881217 58.881217 58.881217
5 1778520698 539.000000 1 539.000000 539.000000 539.000000
6 1778520696 19.403486 1 19.403486 19.403486 19.403486
7 1778520696 16.313293 1 16.313293 16.313293 16.313293
8 1778520696 18.392466 1 18.392466 18.392466 18.392466
9 1778520696 36.065435 1 36.065435 36.065435 36.065435
10 1778520696 51.139438 1 51.139438 51.139438 51.139438
5 1778520701 522.000000 1 522.000000 522.000000 522.000000
6 1778520699 12.815466 1 12.815466 12.815466 12.815466
7 1778520699 28.929260 1 28.929260 28.929260 28.929260
8 1778520699 22.658312 1 22.658312 22.658312 22.658312
9 1778520699 32.587312 1 32.587312 32.587312 32.587312
10 1778520699 43.038892 1 43.038892 43.038892 43.038892
5 1778520704 526.000000 1 526.000000 526.000000 526.000000
6 1778520702 265.096386 1 265.096386 265.096386 265.096386
7 1778520702 20.421602 1 20.421602 20.421602 20.421602
8 1778520702 21.981963 1 21.981963 21.981963 21.981963
9 1778520702 25.622804 1 25.622804 25.622804 25.622804
10 1778520702 30.824007 1 30.824007 30.824007 30.824007
5 1778520707 548.000000 1 548.000000 548.000000 548.000000
6 1778520705 12.121919 1 12.121919 12.121919 12.121919
7 1778520705 13.570669 1 13.570669 13.570669 13.570669
8 1778520705 19.818573 1 19.818573 19.818573 19.818573
9 1778520705 28.669769 1 28.669769 28.669769 28.669769
10 1778520705 46.372162 1 46.372162 46.372162 46.372162
5 1778520710 549.000000 1 549.000000 549.000000 549.000000
6 1778520708 4.172984 1 4.172984 4.172984 4.172984
7 1778520708 14.962179 1 14.962179 14.962179 14.962179
8 1778520708 26.439676 1 26.439676 26.439676 26.439676
9 1778520708 35.308652 1 35.308652 35.308652 35.308652
10 1778520708 46.786149 1 46.786149 46.786149 46.786149
5 1778520713 644.000000 1 644.000000 644.000000 644.000000
6 1778520711 100.683961 1 100.683961 100.683961 100.683961
7 1778520711 28.837190 1 28.837190 28.837190 28.837190
8 1778520711 26.759444 1 26.759444 26.759444 26.759444
9 1778520711 26.759444 1 26.759444 26.759444 26.759444
10 1778520711 38.706485 1 38.706485 38.706485 38.706485
5 1778520716 582.000000 1 582.000000 582.000000 582.000000
6 1778520714 19.629637 1 19.629637 19.629637 19.629637
7 1778520714 24.983529 1 24.983529 24.983529 24.983529
8 1778520714 26.025424 1 26.025424 26.025424 26.025424
9 1778520714 35.402483 1 35.402483 35.402483 35.402483
10 1778520714 39.570065 1 39.570065 39.570065 39.570065
5 1778520719 592.000000 1 592.000000 592.000000 592.000000
6 1778520717 7.888435 1 7.888435 7.888435 7.888435
7 1778520717 15.216392 1 15.216392 15.216392 15.216392
8 1778520717 25.619289 1 25.619289 25.619289 25.619289
9 1778520717 27.699868 1 27.699868 27.699868 27.699868
10 1778520717 50.586241 1 50.586241 50.586241 50.586241
5 1778520722 598.000000 1 598.000000 598.000000 598.000000
6 1778520720 26.031782 1 26.031782 26.031782 26.031782
7 1778520720 18.723287 1 18.723287 18.723287 18.723287
8 1778520720 24.454337 1 24.454337 24.454337 24.454337
9 1778520720 34.353424 1 34.353424 34.353424 34.353424
10 1778520720 48.941552 1 48.941552 48.941552 48.941552
5 1778520725 603.000000 1 603.000000 603.000000 603.000000
6 1778520723 92.413048 1 92.413048 92.413048 92.413048
7 1778520723 30.580185 1 30.580185 30.580185 30.580185
8 1778520723 20.663068 1 20.663068 20.663068 20.663068
9 1778520723 25.360650 1 25.360650 25.360650 25.360650
10 1778520723 35.277766 1 35.277766 35.277766 35.277766
5 1778520728 585.000000 1 585.000000 585.000000 585.000000
6 1778520726 564.141231 1 564.141231 564.141231 564.141231
7 1778520726 8.708758 1 8.708758 8.708758 8.708758
8 1778520726 9.752086 1 9.752086 9.752086 9.752086
9 1778520726 7.665429 1 7.665429 7.665429 7.665429
10 1778520726 16.533722 1 16.533722 16.533722 16.533722
5 1778520731 554.000000 1 554.000000 554.000000 554.000000
6 1778520729 239.730369 1 239.730369 239.730369 239.730369
7 1778520729 36.661681 1 36.661681 36.661681 36.661681
8 1778520729 31.989182 1 31.989182 31.989182 31.989182
9 1778520729 48.602512 1 48.602512 48.602512 48.602512
10 1778520729 50.679178 1 50.679178 50.679178 50.679178
5 1778520734 540.000000 1 540.000000 540.000000 540.000000
6 1778520732 25.353180 1 25.353180 25.353180 25.353180
7 1778520732 24.378032 1 24.378032 24.378032 24.378032
8 1778520732 24.899563 1 24.899563 24.899563 24.899563
9 1778520732 35.330179 1 35.330179 35.330179 35.330179
10 1778520732 52.540696 1 52.540696 52.540696 52.540696
5 1778520737 544.000000 1 544.000000 544.000000 544.000000
6 1778520735 6.236266 1 6.236266 6.236266 6.236266
7 1778520735 17.598181 1 17.598181 17.598181 17.598181
8 1778520735 18.119712 1 18.119712 18.119712 18.119712
9 1778520735 26.464200 1 26.464200 26.464200 26.464200
10 1778520735 60.885213 1 60.885213 60.885213 60.885213
5 1778520740 546.000000 1 546.000000 546.000000 546.000000
6 1778520738 7.940191 1 7.940191 7.940191 7.940191
7 1778520738 24.503688 1 24.503688 24.503688 24.503688
8 1778520738 25.545016 1 25.545016 25.545016 25.545016
9 1778520738 34.396308 1 34.396308 34.396308 34.396308
10 1778520738 46.371585 1 46.371585 46.371585 46.371585
5 1778520743 530.000000 1 530.000000 530.000000 530.000000
6 1778520741 24.807562 1 24.807562 24.807562 24.807562
7 1778520741 18.119690 1 18.119690 18.119690 18.119690
8 1778520741 22.291935 1 22.291935 22.291935 22.291935
9 1778520741 27.507241 1 27.507241 27.507241 27.507241
10 1778520741 53.062243 1 53.062243 53.062243 53.062243
5 1778520746 576.000000 1 576.000000 576.000000 576.000000
6 1778520744 82.149220 1 82.149220 82.149220 82.149220
7 1778520744 25.766975 1 25.766975 25.766975 25.766975
8 1778520744 27.843423 1 27.843423 27.843423 27.843423
9 1778520744 37.187441 1 37.187441 37.187441 37.187441
10 1778520744 52.241690 1 52.241690 52.241690 52.241690
5 1778520749 586.000000 1 586.000000 586.000000 586.000000
6 1778520747 10.762285 1 10.762285 10.762285 10.762285
7 1778520747 16.556062 1 16.556062 16.556062 16.556062
8 1778520747 24.900456 1 24.900456 24.900456 24.900456
9 1778520747 35.330948 1 35.330948 35.330948 35.330948
10 1778520747 46.804489 1 46.804489 46.804489 46.804489
5 1778520752 600.000000 1 600.000000 600.000000 600.000000
6 1778520750 17.198777 1 17.198777 17.198777 17.198777
7 1778520750 26.064823 1 26.064823 26.064823 26.064823
8 1778520750 23.461472 1 23.461472 23.461472 23.461472
9 1778520750 27.626834 1 27.626834 27.626834 27.626834
10 1778520750 55.743028 1 55.743028 55.743028 55.743028
5 1778520755 600.000000 1 600.000000 600.000000 600.000000
6 1778520753 14.943041 1 14.943041 14.943041 14.943041
7 1778520753 21.562218 1 21.562218 21.562218 21.562218
8 1778520753 24.678951 1 24.678951 24.678951 24.678951
9 1778520753 32.990239 1 32.990239 32.990239 32.990239
10 1778520753 47.534993 1 47.534993 47.534993 47.534993
5 1778520758 470.000000 1 470.000000 470.000000 470.000000
6 1778520756 222.047441 1 222.047441 222.047441 222.047441
7 1778520756 53.077253 1 53.077253 53.077253 53.077253
8 1778520756 52.555889 1 52.555889 52.555889 52.555889
9 1778520756 54.119981 1 54.119981 54.119981 54.119981
10 1778520756 65.068622 1 65.068622 65.068622 65.068622
5 1778520761 550.000000 1 550.000000 550.000000 550.000000
6 1778520759 137.760166 1 137.760166 137.760166 137.760166
7 1778520759 63.546813 1 63.546813 63.546813 63.546813
8 1778520759 65.109092 1 65.109092 65.109092 65.109092
9 1778520759 65.629852 1 65.629852 65.629852 65.629852
10 1778520759 75.524288 1 75.524288 75.524288 75.524288
5 1778520764 561.000000 1 561.000000 561.000000 561.000000
6 1778520762 263.981495 1 263.981495 263.981495 263.981495
7 1778520762 26.879747 1 26.879747 26.879747 26.879747
8 1778520762 26.357460 1 26.357460 26.357460 26.357460
9 1778520762 31.058047 1 31.058047 31.058047 31.058047
10 1778520762 38.892360 1 38.892360 38.892360 38.892360
5 1778520767 554.000000 1 554.000000 554.000000 554.000000
6 1778520765 11.679175 1 11.679175 11.679175 11.679175
7 1778520765 32.760351 1 32.760351 32.760351 32.760351
8 1778520765 39.015202 1 39.015202 39.015202 39.015202
9 1778520765 46.312528 1 46.312528 46.312528 46.312528
10 1778520765 54.652330 1 54.652330 54.652330 54.652330
5 1778520770 752.000000 1 752.000000 752.000000 752.000000
6 1778520768 22.957661 1 22.957661 22.957661 22.957661
7 1778520768 29.284514 1 29.284514 29.284514 29.284514
8 1778520768 37.084016 1 37.084016 37.084016 37.084016
9 1778520768 39.163883 1 39.163883 39.163883 39.163883
10 1778520768 55.282854 1 55.282854 55.282854 55.282854
5 1778520773 723.000000 1 723.000000 723.000000 723.000000
6 1778520771 39.854995 1 39.854995 39.854995 39.854995
7 1778520771 25.692323 1 25.692323 25.692323 25.692323
8 1778520771 27.251225 1 27.251225 27.251225 27.251225
9 1778520771 41.800980 1 41.800980 41.800980 41.800980
10 1778520771 49.595492 1 49.595492 49.595492 49.595492
5 1778520776 719.000000 1 719.000000 719.000000 719.000000
6 1778520774 3.620077 1 3.620077 3.620077 3.620077
7 1778520774 18.723276 1 18.723276 18.723276 18.723276
8 1778520774 23.412318 1 23.412318 23.412318 23.412318
9 1778520774 35.916429 1 35.916429 35.916429 35.916429
10 1778520774 48.420541 1 48.420541 48.420541 48.420541
5 1778520779 713.000000 1 713.000000 713.000000 713.000000
6 1778520777 19.871493 1 19.871493 19.871493 19.871493
7 1778520777 22.239309 1 22.239309 22.239309 22.239309
8 1778520777 25.370612 1 25.370612 25.370612 25.370612
9 1778520777 32.676986 1 32.676986 32.676986 32.676986
10 1778520777 51.464804 1 51.464804 51.464804 51.464804
5 1778520782 713.000000 1 713.000000 713.000000 713.000000
6 1778520780 1.223246 1 1.223246 1.223246 1.223246
7 1778520780 18.669138 1 18.669138 18.669138 18.669138
8 1778520780 29.096172 1 29.096172 29.096172 29.096172
9 1778520780 28.574820 1 28.574820 28.574820 28.574820
10 1778520780 54.121052 1 54.121052 54.121052 54.121052
5 1778520785 704.000000 1 704.000000 704.000000 704.000000
6 1778520783 17.090311 1 17.090311 17.090311 17.090311
7 1778520783 23.094245 1 23.094245 23.094245 23.094245
8 1778520783 24.133512 1 24.133512 24.133512 24.133512
9 1778520783 23.094245 1 23.094245 23.094245 23.094245
10 1778520783 56.350787 1 56.350787 56.350787 56.350787
5 1778520788 764.000000 1 764.000000 764.000000 764.000000
6 1778520786 19.609383 1 19.609383 19.609383 19.609383
7 1778520786 25.405458 1 25.405458 25.405458 25.405458
8 1778520786 26.970378 1 26.970378 26.970378 26.970378
9 1778520786 42.097943 1 42.097943 42.097943 42.097943
10 1778520786 29.578579 1 29.578579 29.578579 29.578579
5 1778520791 787.000000 1 787.000000 787.000000 787.000000
6 1778520789 84.946195 1 84.946195 84.946195 84.946195
7 1778520789 33.253799 1 33.253799 33.253799 33.253799
8 1778520789 32.210889 1 32.210889 32.210889 32.210889
9 1778520789 40.032710 1 40.032710 40.032710 40.032710
10 1778520789 50.461804 1 50.461804 50.461804 50.461804
