1 1778520465 0.000000 1 0.000000 0.000000 0.000000
2 1778520465 0.000000 1 0.000000 0.000000 0.000000
3 1778520465 0.000000 1 0.000000 0.000000 0.000000
4 1778520465 0.000000 1 0.000000 0.000000 0.000000
1 1778520466 0.000000 1 0.000000 0.000000 0.000000
2 1778520466 0.000000 1 0.000000 0.000000 0.000000
3 1778520466 0.000000 1 0.000000 0.000000 0.000000
4 1778520466 0.000000 1 0.000000 0.000000 0.000000
1 1778520467 0.000000 1 0.000000 0.000000 0.000000
2 1778520467 0.000000 1 0.000000 0.000000 0.000000
3 1778520467 0.000000 1 0.000000 0.000000 0.000000
4 1778520467 0.000000 1 0.000000 0.000000 0.000000
1 1778520468 0.000000 1 0.000000 0.000000 0.000000
2 1778520468 0.000000 1 0.000000 0.000000 0.000000
3 1778520468 0.000000 1 0.000000 0.000000 0.000000
4 1778520468 0.000000 1 0.000000 0.000000 0.000000
1 1778520469 0.000000 1 0.000000 0.000000 0.000000
2 1778520469 0.000000 1 0.000000 0.000000 0.000000
3 1778520469 0.000000 1 0.000000 0.000000 0.000000
4 1778520469 0.000000 1 0.000000 0.000000 0.000000
1 1778520470 0.000000 1 0.000000 0.000000 0.000000
2 1778520470 0.000000 1 0.000000 0.000000 0.000000
3 1778520470 0.000000 1 0.000000 0.000000 0.000000
4 1778520470 0.000000 1 0.000000 0.000000 0.000000
1 1778520471 0.000000 1 0.000000 0.000000 0.000000
2 1778520471 0.000000 1 0.000000 0.000000 0.000000
3 1778520471 0.000000 1 0.000000 0.000000 0.000000
4 1778520471 0.000000 1 0.000000 0.000000 0.000000
1 1778520472 0.000000 1 0.000000 0.000000 0.000000
2 1778520472 0.000000 1 0.000000 0.000000 0.000000
3 1778520472 0.000000 1 0.000000 0.000000 0.000000
4 1778520472 0.000000 1 0.000000 0.000000 0.000000
1 1778520473 0.000000 1 0.000000 0.000000 0.000000
2 1778520473 0.000000 1 0.000000 0.000000 0.000000
3 1778520473 0.000000 1 0.000000 0.000000 0.000000
4 1778520473 0.000000 1 0.000000 0.000000 0.000000
1 1778520474 0.000000 1 0.000000 0.000000 0.000000
2 1778520474 0.000000 1 0.000000 0.000000 0.000000
3 1778520474 0.000000 1 0.000000 0.000000 0.000000
4 1778520474 0.000000 1 0.000000 0.000000 0.000000
1 1778520475 0.000000 1 0.000000 0.000000 0.000000
2 1778520475 0.000000 1 0.000000 0.000000 0.000000
3 1778520475 0.000000 1 0.000000 0.000000 0.000000
4 1778520475 0.000000 1 0.000000 0.000000 0.000000
1 1778520476 0.000000 1 0.000000 0.000000 0.000000
2 1778520476 0.000000 1 0.000000 0.000000 0.000000
3 1778520476 0.000000 1 0.000000 0.000000 0.000000
4 1778520476 0.000000 1 0.000000 0.000000 0.000000
1 1778520477 0.000000 1 0.000000 0.000000 0.000000
2 1778520477 0.000000 1 0.000000 0.000000 0.000000
3 1778520477 0.000000 1 0.000000 0.000000 0.000000
4 1778520477 0.000000 1 0.000000 0.000000 0.000000
1 1778520478 0.000000 1 0.000000 0.000000 0.000000
2 1778520478 0.000000 1 0.000000 0.000000 0.000000
3 1778520478 0.000000 1 0.000000 0.000000 0.000000
4 1778520478 0.000000 1 0.000000 0.000000 0.000000
1 1778520479 0.000000 1 0.000000 0.000000 0.000000
2 1778520479 0.000000 1 0.000000 0.000000 0.000000
3 1778520479 0.000000 1 0.000000 0.000000 0.000000
4 1778520479 0.000000 1 0.000000 0.000000 0.000000
1 1778520480 0.000000 1 0.000000 0.000000 0.000000
2 1778520480 0.000000 1 0.000000 0.000000 0.000000
3 1778520480 0.000000 1 0.000000 0.000000 0.000000
4 1778520480 0.000000 1 0.000000 0.000000 0.000000
1 1778520481 0.000000 1 0.000000 0.000000 0.000000
2 1778520481 0.000000 1 0.000000 0.000000 0.000000
3 1778520481 0.000000 1 0.000000 0.000000 0.000000
4 1778520481 0.000000 1 0.000000 0.000000 0.000000
1 1778520482 0.000000 1 0.000000 0.000000 0.000000
2 1778520482 0.000000 1 0.000000 0.000000 0.000000
3 1778520482 0.000000 1 0.000000 0.000000 0.000000
4 1778520482 0.000000 1 0.000000 0.000000 0.000000
1 1778520483 0.000000 1 0.000000 0.000000 0.000000
2 1778520483 0.000000 1 0.000000 0.000000 0.000000
3 1778520483 0.000000 1 0.000000 0.000000 0.000000
4 1778520483 0.000000 1 0.000000 0.000000 0.000000
1 1778520484 0.000000 1 0.000000 0.000000 0.000000
2 1778520484 0.000000 1 0.000000 0.000000 0.000000
3 1778520484 0.000000 1 0.000000 0.000000 0.000000
4 1778520484 0.000000 1 0.000000 0.000000 0.000000
1 1778520485 0.000000 1 0.000000 0.000000 0.000000
2 1778520485 0.000000 1 0.000000 0.000000 0.000000
3 1778520485 0.000000 1 0.000000 0.000000 0.000000
4 1778520485 0.000000 1 0.000000 0.000000 0.000000
1 1778520487 0.000000 1 0.000000 0.000000 0.000000
2 1778520487 0.000000 1 0.000000 0.000000 0.000000
3 1778520487 0.000000 1 0.000000 0.000000 0.000000
4 1778520487 0.000000 1 0.000000 0.000000 0.000000
1 1778520487 0.000000 1 0.000000 0.000000 0.000000
2 1778520487 0.000000 1 0.000000 0.000000 0.000000
3 1778520487 0.000000 1 0.000000 0.000000 0.000000
4 1778520487 0.000000 1 0.000000 0.000000 0.000000
1 1778520488 0.000000 1 0.000000 0.000000 0.000000
2 1778520488 0.000000 1 0.000000 0.000000 0.000000
3 1778520488 0.000000 1 0.000000 0.000000 0.000000
4 1778520488 0.000000 1 0.000000 0.000000 0.000000
1 1778520489 0.000000 1 0.000000 0.000000 0.000000
2 1778520489 0.000000 1 0.000000 0.000000 0.000000
3 1778520489 0.000000 1 0.000000 0.000000 0.000000
4 1778520489 0.000000 1 0.000000 0.000000 0.000000
1 1778520490 0.000000 1 0.000000 0.000000 0.000000
2 1778520490 0.000000 1 0.000000 0.000000 0.000000
3 1778520490 0.000000 1 0.000000 0.000000 0.000000
4 1778520490 0.000000 1 0.000000 0.000000 0.000000
1 1778520491 0.000000 1 0.000000 0.000000 0.000000
2 1778520491 0.000000 1 0.000000 0.000000 0.000000
3 1778520491 0.000000 1 0.000000 0.000000 0.000000
4 1778520491 0.000000 1 0.000000 0.000000 0.000000
1 1778520492 1.000000 1 1.000000 1.000000 1.000000
2 1778520492 1.000000 1 1.000000 1.000000 1.000000
3 1778520492 0.000000 1 0.000000 0.000000 0.000000
4 1778520492 0.000000 1 0.000000 0.000000 0.000000
1 1778520493 2.000000 1 2.000000 2.000000 2.000000
2 1778520493 0.000000 1 0.000000 0.000000 0.000000
3 1778520493 0.000000 1 0.000000 0.000000 0.000000
4 1778520493 0.000000 1 0.000000 0.000000 0.000000
1 1778520494 2.000000 1 2.000000 2.000000 2.000000
2 1778520494 0.000000 1 0.000000 0.000000 0.000000
3 1778520494 0.000000 1 0.000000 0.000000 0.000000
4 1778520494 0.000000 1 0.000000 0.000000 0.000000
1 1778520495 2.000000 1 2.000000 2.000000 2.000000
2 1778520495 0.000000 1 0.000000 0.000000 0.000000
3 1778520495 0.000000 1 0.000000 0.000000 0.000000
4 1778520495 0.000000 1 0.000000 0.000000 0.000000
1 1778520497 3.000000 1 3.000000 3.000000 3.000000
2 1778520497 0.000000 1 0.000000 0.000000 0.000000
3 1778520497 0.000000 1 0.000000 0.000000 0.000000
4 1778520497 0.000000 1 0.000000 0.000000 0.000000
1 1778520497 3.000000 1 3.000000 3.000000 3.000000
2 1778520497 0.000000 1 0.000000 0.000000 0.000000
3 1778520497 0.000000 1 0.000000 0.000000 0.000000
4 1778520497 0.000000 1 0.000000 0.000000 0.000000
1 1778520498 4.000000 1 4.000000 4.000000 4.000000
2 1778520498 0.000000 1 0.000000 0.000000 0.000000
3 1778520498 0.000000 1 0.000000 0.000000 0.000000
4 1778520498 0.000000 1 0.000000 0.000000 0.000000
1 1778520499 5.000000 1 5.000000 5.000000 5.000000
2 1778520499 0.000000 1 0.000000 0.000000 0.000000
3 1778520499 0.000000 1 0.000000 0.000000 0.000000
4 1778520499 0.000000 1 0.000000 0.000000 0.000000
1 1778520500 5.000000 1 5.000000 5.000000 5.000000
2 1778520500 0.000000 1 0.000000 0.000000 0.000000
3 1778520500 0.000000 1 0.000000 0.000000 0.000000
4 1778520500 0.000000 1 0.000000 0.000000 0.000000
1 1778520501 5.000000 1 5.000000 5.000000 5.000000
2 1778520501 0.000000 1 0.000000 0.000000 0.000000
3 1778520501 0.000000 1 0.000000 0.000000 0.000000
4 1778520501 0.000000 1 0.000000 0.000000 0.000000
1 1778520502 5.000000 1 5.000000 5.000000 5.000000
2 1778520502 0.000000 1 0.000000 0.000000 0.000000
3 1778520502 0.000000 1 0.000000 0.000000 0.000000
4 1778520502 0.000000 1 0.000000 0.000000 0.000000
1 1778520503 5.000000 1 5.000000 5.000000 5.000000
2 1778520503 0.000000 1 0.000000 0.000000 0.000000
3 1778520503 0.000000 1 0.000000 0.000000 0.000000
4 1778520503 0.000000 1 0.000000 0.000000 0.000000
1 1778520504 5.000000 1 5.000000 5.000000 5.000000
2 1778520504 0.000000 1 0.000000 0.000000 0.000000
3 1778520504 0.000000 1 0.000000 0.000000 0.000000
4 1778520504 0.000000 1 0.000000 0.000000 0.000000
1 1778520505 5.000000 1 5.000000 5.000000 5.000000
2 1778520505 0.000000 1 0.000000 0.000000 0.000000
3 1778520505 0.000000 1 0.000000 0.000000 0.000000
4 1778520505 0.000000 1 0.000000 0.000000 0.000000
1 1778520506 5.000000 1 5.000000 5.000000 5.000000
2 1778520506 0.000000 1 0.000000 0.000000 0.000000
3 1778520506 0.000000 1 0.000000 0.000000 0.000000
4 1778520506 0.000000 1 0.000000 0.000000 0.000000
1 1778520507 5.000000 1 5.000000 5.000000 5.000000
2 1778520507 0.000000 1 0.000000 0.000000 0.000000
3 1778520507 0.000000 1 0.000000 0.000000 0.000000
4 1778520507 0.000000 1 0.000000 0.000000 0.000000
1 1778520508 5.000000 1 5.000000 5.000000 5.000000
2 1778520508 0.000000 1 0.000000 0.000000 0.000000
3 1778520508 0.000000 1 0.000000 0.000000 0.000000
4 1778520508 0.000000 1 0.000000 0.000000 0.000000
1 1778520509 5.000000 1 5.000000 5.000000 5.000000
2 1778520509 0.000000 1 0.000000 0.000000 0.000000
3 1778520509 0.000000 1 0.000000 0.000000 0.000000
4 1778520509 0.000000 1 0.000000 0.000000 0.000000
1 1778520510 5.000000 1 5.000000 5.000000 5.000000
2 1778520510 0.000000 1 0.000000 0.000000 0.000000
3 1778520510 0.000000 1 0.000000 0.000000 0.000000
4 1778520510 0.000000 1 0.000000 0.000000 0.000000
1 1778520511 5.000000 1 5.000000 5.000000 5.000000
2 1778520511 0.000000 1 0.000000 0.000000 0.000000
3 1778520511 0.000000 1 0.000000 0.000000 0.000000
4 1778520511 0.000000 1 0.000000 0.000000 0.000000
1 1778520512 5.000000 1 5.000000 5.000000 5.000000
2 1778520512 0.000000 1 0.000000 0.000000 0.000000
3 1778520512 0.000000 1 0.000000 0.000000 0.000000
4 1778520512 0.000000 1 0.000000 0.000000 0.000000
1 1778520513 5.000000 1 5.000000 5.000000 5.000000
2 1778520513 0.000000 1 0.000000 0.000000 0.000000
3 1778520513 0.000000 1 0.000000 0.000000 0.000000
4 1778520513 0.000000 1 0.000000 0.000000 0.000000
1 1778520514 5.000000 1 5.000000 5.000000 5.000000
2 1778520514 0.000000 1 0.000000 0.000000 0.000000
3 1778520514 0.000000 1 0.000000 0.000000 0.000000
4 1778520514 0.000000 1 0.000000 0.000000 0.000000
1 1778520515 5.000000 1 5.000000 5.000000 5.000000
2 1778520515 0.000000 1 0.000000 0.000000 0.000000
3 1778520515 0.000000 1 0.000000 0.000000 0.000000
4 1778520515 0.000000 1 0.000000 0.000000 0.000000
1 1778520516 5.000000 1 5.000000 5.000000 5.000000
2 1778520516 0.000000 1 0.000000 0.000000 0.000000
3 1778520516 0.000000 1 0.000000 0.000000 0.000000
4 1778520516 0.000000 1 0.000000 0.000000 0.000000
1 1778520517 5.000000 1 5.000000 5.000000 5.000000
2 1778520517 0.000000 1 0.000000 0.000000 0.000000
3 1778520517 0.000000 1 0.000000 0.000000 0.000000
4 1778520517 0.000000 1 0.000000 0.000000 0.000000
1 1778520518 5.000000 1 5.000000 5.000000 5.000000
2 1778520518 0.000000 1 0.000000 0.000000 0.000000
3 1778520518 0.000000 1 0.000000 0.000000 0.000000
4 1778520518 0.000000 1 0.000000 0.000000 0.000000
1 1778520520 5.000000 1 5.000000 5.000000 5.000000
2 1778520520 0.000000 1 0.000000 0.000000 0.000000
3 1778520520 0.000000 1 0.000000 0.000000 0.000000
4 1778520520 0.000000 1 0.000000 0.000000 0.000000
1 1778520521 5.000000 1 5.000000 5.000000 5.000000
2 1778520521 0.000000 1 0.000000 0.000000 0.000000
3 1778520521 0.000000 1 0.000000 0.000000 0.000000
4 1778520521 0.000000 1 0.000000 0.000000 0.000000
1 1778520522 5.000000 1 5.000000 5.000000 5.000000
2 1778520522 0.000000 1 0.000000 0.000000 0.000000
3 1778520522 0.000000 1 0.000000 0.000000 0.000000
4 1778520522 0.000000 1 0.000000 0.000000 0.000000
1 1778520523 5.000000 1 5.000000 5.000000 5.000000
2 1778520523 0.000000 1 0.000000 0.000000 0.000000
3 1778520523 0.000000 1 0.000000 0.000000 0.000000
4 1778520523 0.000000 1 0.000000 0.000000 0.000000
1 1778520524 5.000000 1 5.000000 5.000000 5.000000
2 1778520524 0.000000 1 0.000000 0.000000 0.000000
3 1778520524 0.000000 1 0.000000 0.000000 0.000000
4 1778520524 0.000000 1 0.000000 0.000000 0.000000
1 1778520525 5.000000 1 5.000000 5.000000 5.000000
2 1778520525 0.000000 1 0.000000 0.000000 0.000000
3 1778520525 0.000000 1 0.000000 0.000000 0.000000
4 1778520525 0.000000 1 0.000000 0.000000 0.000000
1 1778520526 5.000000 1 5.000000 5.000000 5.000000
2 1778520526 0.000000 1 0.000000 0.000000 0.000000
3 1778520526 0.000000 1 0.000000 0.000000 0.000000
4 1778520526 0.000000 1 0.000000 0.000000 0.000000
1 1778520527 5.000000 1 5.000000 5.000000 5.000000
2 1778520527 0.000000 1 0.000000 0.000000 0.000000
3 1778520527 0.000000 1 0.000000 0.000000 0.000000
4 1778520527 0.000000 1 0.000000 0.000000 0.000000
1 1778520528 5.000000 1 5.000000 5.000000 5.000000
2 1778520528 0.000000 1 0.000000 0.000000 0.000000
3 1778520528 0.000000 1 0.000000 0.000000 0.000000
4 1778520528 0.000000 1 0.000000 0.000000 0.000000
1 1778520529 5.000000 1 5.000000 5.000000 5.000000
2 1778520529 0.000000 1 0.000000 0.000000 0.000000
3 1778520529 0.000000 1 0.000000 0.000000 0.000000
4 1778520529 0.000000 1 0.000000 0.000000 0.000000
1 1778520530 5.000000 1 5.000000 5.000000 5.000000
2 1778520530 0.000000 1 0.000000 0.000000 0.000000
3 1778520530 0.000000 1 0.000000 0.000000 0.000000
4 1778520530 0.000000 1 0.000000 0.000000 0.000000
1 1778520531 5.000000 1 5.000000 5.000000 5.000000
2 1778520531 0.000000 1 0.000000 0.000000 0.000000
3 1778520531 0.000000 1 0.000000 0.000000 0.000000
4 1778520531 0.000000 1 0.000000 0.000000 0.000000
1 1778520532 5.000000 1 5.000000 5.000000 5.000000
2 1778520532 0.000000 1 0.000000 0.000000 0.000000
3 1778520532 0.000000 1 0.000000 0.000000 0.000000
4 1778520532 0.000000 1 0.000000 0.000000 0.000000
1 1778520533 5.000000 1 5.000000 5.000000 5.000000
2 1778520533 0.000000 1 0.000000 0.000000 0.000000
3 1778520533 0.000000 1 0.000000 0.000000 0.000000
4 1778520533 0.000000 1 0.000000 0.000000 0.000000
1 1778520534 5.000000 1 5.000000 5.000000 5.000000
2 1778520534 0.000000 1 0.000000 0.000000 0.000000
3 1778520534 0.000000 1 0.000000 0.000000 0.000000
4 1778520534 0.000000 1 0.000000 0.000000 0.000000
1 1778520535 5.000000 1 5.000000 5.000000 5.000000
2 1778520535 0.000000 1 0.000000 0.000000 0.000000
3 1778520535 0.000000 1 0.000000 0.000000 0.000000
4 1778520535 0.000000 1 0.000000 0.000000 0.000000
1 1778520536 5.000000 1 5.000000 5.000000 5.000000
2 1778520536 0.000000 1 0.000000 0.000000 0.000000
3 1778520536 0.000000 1 0.000000 0.000000 0.000000
4 1778520536 0.000000 1 0.000000 0.000000 0.000000
1 1778520537 5.000000 1 5.000000 5.000000 5.000000
2 1778520537 0.000000 1 0.000000 0.000000 0.000000
3 1778520537 0.000000 1 0.000000 0.000000 0.000000
4 1778520537 0.000000 1 0.000000 0.000000 0.000000
1 1778520538 5.000000 1 5.000000 5.000000 5.000000
2 1778520538 0.000000 1 0.000000 0.000000 0.000000
3 1778520538 0.000000 1 0.000000 0.000000 0.000000
4 1778520538 0.000000 1 0.000000 0.000000 0.000000
1 1778520539 5.000000 1 5.000000 5.000000 5.000000
2 1778520539 0.000000 1 0.000000 0.000000 0.000000
3 1778520539 0.000000 1 0.000000 0.000000 0.000000
4 1778520539 0.000000 1 0.000000 0.000000 0.000000
1 1778520540 5.000000 1 5.000000 5.000000 5.000000
2 1778520540 0.000000 1 0.000000 0.000000 0.000000
3 1778520540 0.000000 1 0.000000 0.000000 0.000000
4 1778520540 0.000000 1 0.000000 0.000000 0.000000
1 1778520541 5.000000 1 5.000000 5.000000 5.000000
2 1778520541 0.000000 1 0.000000 0.000000 0.000000
3 1778520541 0.000000 1 0.000000 0.000000 0.000000
4 1778520541 0.000000 1 0.000000 0.000000 0.000000
1 1778520542 5.000000 1 5.000000 5.000000 5.000000
2 1778520542 0.000000 1 0.000000 0.000000 0.000000
3 1778520542 0.000000 1 0.000000 0.000000 0.000000
4 1778520542 0.000000 1 0.000000 0.000000 0.000000
1 1778520543 5.000000 1 5.000000 5.000000 5.000000
2 1778520543 0.000000 1 0.000000 0.000000 0.000000
3 1778520543 0.000000 1 0.000000 0.000000 0.000000
4 1778520543 0.000000 1 0.000000 0.000000 0.000000
1 1778520544 5.000000 1 5.000000 5.000000 5.000000
2 1778520544 0.000000 1 0.000000 0.000000 0.000000
3 1778520544 0.000000 1 0.000000 0.000000 0.000000
4 1778520544 0.000000 1 0.000000 0.000000 0.000000
1 1778520545 5.000000 1 5.000000 5.000000 5.000000
2 1778520545 0.000000 1 0.000000 0.000000 0.000000
3 1778520545 0.000000 1 0.000000 0.000000 0.000000
4 1778520545 0.000000 1 0.000000 0.000000 0.000000
1 1778520546 5.000000 1 5.000000 5.000000 5.000000
2 1778520546 0.000000 1 0.000000 0.000000 0.000000
3 1778520546 0.000000 1 0.000000 0.000000 0.000000
4 1778520546 0.000000 1 0.000000 0.000000 0.000000
1 1778520547 5.000000 1 5.000000 5.000000 5.000000
2 1778520547 0.000000 1 0.000000 0.000000 0.000000
3 1778520547 0.000000 1 0.000000 0.000000 0.000000
4 1778520547 0.000000 1 0.000000 0.000000 0.000000
1 1778520548 5.000000 1 5.000000 5.000000 5.000000
2 1778520548 0.000000 1 0.000000 0.000000 0.000000
3 1778520548 0.000000 1 0.000000 0.000000 0.000000
4 1778520548 0.000000 1 0.000000 0.000000 0.000000
1 1778520549 5.000000 1 5.000000 5.000000 5.000000
2 1778520549 0.000000 1 0.000000 0.000000 0.000000
3 1778520549 0.000000 1 0.000000 0.000000 0.000000
4 1778520549 0.000000 1 0.000000 0.000000 0.000000
1 1778520550 5.000000 1 5.000000 5.000000 5.000000
2 1778520550 0.000000 1 0.000000 0.000000 0.000000
3 1778520550 0.000000 1 0.000000 0.000000 0.000000
4 1778520550 0.000000 1 0.000000 0.000000 0.000000
1 1778520551 5.000000 1 5.000000 5.000000 5.000000
2 1778520551 0.000000 1 0.000000 0.000000 0.000000
3 1778520551 0.000000 1 0.000000 0.000000 0.000000
4 1778520551 0.000000 1 0.000000 0.000000 0.000000
1 1778520552 5.000000 1 5.000000 5.000000 5.000000
2 1778520552 0.000000 1 0.000000 0.000000 0.000000
3 1778520552 0.000000 1 0.000000 0.000000 0.000000
4 1778520552 0.000000 1 0.000000 0.000000 0.000000
1 1778520553 5.000000 1 5.000000 5.000000 5.000000
2 1778520553 0.000000 1 0.000000 0.000000 0.000000
3 1778520553 0.000000 1 0.000000 0.000000 0.000000
4 1778520553 0.000000 1 0.000000 0.000000 0.000000
1 1778520554 5.000000 1 5.000000 5.000000 5.000000
2 1778520554 0.000000 1 0.000000 0.000000 0.000000
3 1778520554 0.000000 1 0.000000 0.000000 0.000000
4 1778520554 0.000000 1 0.000000 0.000000 0.000000
1 1778520555 5.000000 1 5.000000 5.000000 5.000000
2 1778520555 0.000000 1 0.000000 0.000000 0.000000
3 1778520555 0.000000 1 0.000000 0.000000 0.000000
4 1778520555 0.000000 1 0.000000 0.000000 0.000000
1 1778520556 5.000000 1 5.000000 5.000000 5.000000
2 1778520556 0.000000 1 0.000000 0.000000 0.000000
3 1778520556 0.000000 1 0.000000 0.000000 0.000000
4 1778520556 0.000000 1 0.000000 0.000000 0.000000
1 1778520557 5.000000 1 5.000000 5.000000 5.000000
2 1778520557 0.000000 1 0.000000 0.000000 0.000000
3 1778520557 0.000000 1 0.000000 0.000000 0.000000
4 1778520557 0.000000 1 0.000000 0.000000 0.000000
1 1778520558 5.000000 1 5.000000 5.000000 5.000000
2 1778520558 0.000000 1 0.000000 0.000000 0.000000
3 1778520558 0.000000 1 0.000000 0.000000 0.000000
4 1778520558 0.000000 1 0.000000 0.000000 0.000000
1 1778520559 5.000000 1 5.000000 5.000000 5.000000
2 1778520559 0.000000 1 0.000000 0.000000 0.000000
3 1778520559 0.000000 1 0.000000 0.000000 0.000000
4 1778520559 0.000000 1 0.000000 0.000000 0.000000
1 1778520560 5.000000 1 5.000000 5.000000 5.000000
2 1778520560 0.000000 1 0.000000 0.000000 0.000000
3 1778520560 0.000000 1 0.000000 0.000000 0.000000
4 1778520560 0.000000 1 0.000000 0.000000 0.000000
1 1778520561 5.000000 1 5.000000 5.000000 5.000000
2 1778520561 0.000000 1 0.000000 0.000000 0.000000
3 1778520561 0.000000 1 0.000000 0.000000 0.000000
4 1778520561 0.000000 1 0.000000 0.000000 0.000000
1 1778520562 5.000000 1 5.000000 5.000000 5.000000
2 1778520562 0.000000 1 0.000000 0.000000 0.000000
3 1778520562 0.000000 1 0.000000 0.000000 0.000000
4 1778520562 0.000000 1 0.000000 0.000000 0.000000
1 1778520563 5.000000 1 5.000000 5.000000 5.000000
2 1778520563 0.000000 1 0.000000 0.000000 0.000000
3 1778520563 0.000000 1 0.000000 0.000000 0.000000
4 1778520563 0.000000 1 0.000000 0.000000 0.000000
1 1778520564 5.000000 1 5.000000 5.000000 5.000000
2 1778520564 0.000000 1 0.000000 0.000000 0.000000
3 1778520564 0.000000 1 0.000000 0.000000 0.000000
4 1778520564 0.000000 1 0.000000 0.000000 0.000000
1 1778520565 5.000000 1 5.000000 5.000000 5.000000
2 1778520565 0.000000 1 0.000000 0.000000 0.000000
3 1778520565 0.000000 1 0.000000 0.000000 0.000000
4 1778520565 0.000000 1 0.000000 0.000000 0.000000
1 1778520566 5.000000 1 5.000000 5.000000 5.000000
2 1778520566 0.000000 1 0.000000 0.000000 0.000000
3 1778520566 0.000000 1 0.000000 0.000000 0.000000
4 1778520566 0.000000 1 0.000000 0.000000 0.000000
1 1778520567 5.000000 1 5.000000 5.000000 5.000000
2 1778520567 0.000000 1 0.000000 0.000000 0.000000
3 1778520567 0.000000 1 0.000000 0.000000 0.000000
4 1778520567 0.000000 1 0.000000 0.000000 0.000000
1 1778520568 5.000000 1 5.000000 5.000000 5.000000
2 1778520568 0.000000 1 0.000000 0.000000 0.000000
3 1778520568 0.000000 1 0.000000 0.000000 0.000000
4 1778520568 0.000000 1 0.000000 0.000000 0.000000
1 1778520569 5.000000 1 5.000000 5.000000 5.000000
2 1778520569 0.000000 1 0.000000 0.000000 0.000000
3 1778520569 0.000000 1 0.000000 0.000000 0.000000
4 1778520569 0.000000 1 0.000000 0.000000 0.000000
1 1778520570 5.000000 1 5.000000 5.000000 5.000000
2 1778520570 0.000000 1 0.000000 0.000000 0.000000
3 1778520570 0.000000 1 0.000000 0.000000 0.000000
4 1778520570 0.000000 1 0.000000 0.000000 0.000000
1 1778520571 5.000000 1 5.000000 5.000000 5.000000
2 1778520571 0.000000 1 0.000000 0.000000 0.000000
3 1778520571 0.000000 1 0.000000 0.000000 0.000000
4 1778520571 0.000000 1 0.000000 0.000000 0.000000
1 1778520572 5.000000 1 5.000000 5.000000 5.000000
2 1778520572 0.000000 1 0.000000 0.000000 0.000000
3 1778520572 0.000000 1 0.000000 0.000000 0.000000
4 1778520572 0.000000 1 0.000000 0.000000 0.000000
1 1778520573 5.000000 1 5.000000 5.000000 5.000000
2 1778520573 0.000000 1 0.000000 0.000000 0.000000
3 1778520573 0.000000 1 0.000000 0.000000 0.000000
4 1778520573 0.000000 1 0.000000 0.000000 0.000000
1 1778520574 5.000000 1 5.000000 5.000000 5.000000
2 1778520574 0.000000 1 0.000000 0.000000 0.000000
3 1778520574 0.000000 1 0.000000 0.000000 0.000000
4 1778520574 0.000000 1 0.000000 0.000000 0.000000
1 1778520575 5.000000 1 5.000000 5.000000 5.000000
2 1778520575 0.000000 1 0.000000 0.000000 0.000000
3 1778520575 0.000000 1 0.000000 0.000000 0.000000
4 1778520575 0.000000 1 0.000000 0.000000 0.000000
1 1778520576 5.000000 1 5.000000 5.000000 5.000000
2 1778520576 0.000000 1 0.000000 0.000000 0.000000
3 1778520576 0.000000 1 0.000000 0.000000 0.000000
4 1778520576 0.000000 1 0.000000 0.000000 0.000000
1 1778520577 5.000000 1 5.000000 5.000000 5.000000
2 1778520577 0.000000 1 0.000000 0.000000 0.000000
3 1778520577 0.000000 1 0.000000 0.000000 0.000000
4 1778520577 0.000000 1 0.000000 0.000000 0.000000
1 1778520578 5.000000 1 5.000000 5.000000 5.000000
2 1778520578 0.000000 1 0.000000 0.000000 0.000000
3 1778520578 0.000000 1 0.000000 0.000000 0.000000
4 1778520578 0.000000 1 0.000000 0.000000 0.000000
1 1778520579 5.000000 1 5.000000 5.000000 5.000000
2 1778520579 0.000000 1 0.000000 0.000000 0.000000
3 1778520579 0.000000 1 0.000000 0.000000 0.000000
4 1778520579 0.000000 1 0.000000 0.000000 0.000000
1 1778520580 5.000000 1 5.000000 5.000000 5.000000
2 1778520580 0.000000 1 0.000000 0.000000 0.000000
3 1778520580 0.000000 1 0.000000 0.000000 0.000000
4 1778520580 0.000000 1 0.000000 0.000000 0.000000
1 1778520582 5.000000 1 5.000000 5.000000 5.000000
2 1778520582 0.000000 1 0.000000 0.000000 0.000000
3 1778520582 0.000000 1 0.000000 0.000000 0.000000
4 1778520582 0.000000 1 0.000000 0.000000 0.000000
1 1778520582 5.000000 1 5.000000 5.000000 5.000000
2 1778520582 0.000000 1 0.000000 0.000000 0.000000
3 1778520582 0.000000 1 0.000000 0.000000 0.000000
4 1778520582 0.000000 1 0.000000 0.000000 0.000000
1 1778520584 5.000000 1 5.000000 5.000000 5.000000
2 1778520584 0.000000 1 0.000000 0.000000 0.000000
3 1778520584 0.000000 1 0.000000 0.000000 0.000000
4 1778520584 0.000000 1 0.000000 0.000000 0.000000
1 1778520585 5.000000 1 5.000000 5.000000 5.000000
2 1778520585 0.000000 1 0.000000 0.000000 0.000000
3 1778520585 0.000000 1 0.000000 0.000000 0.000000
4 1778520585 0.000000 1 0.000000 0.000000 0.000000
1 1778520586 5.000000 1 5.000000 5.000000 5.000000
2 1778520586 0.000000 1 0.000000 0.000000 0.000000
3 1778520586 0.000000 1 0.000000 0.000000 0.000000
4 1778520586 0.000000 1 0.000000 0.000000 0.000000
1 1778520587 5.000000 1 5.000000 5.000000 5.000000
2 1778520587 0.000000 1 0.000000 0.000000 0.000000
3 1778520587 0.000000 1 0.000000 0.000000 0.000000
4 1778520587 0.000000 1 0.000000 0.000000 0.000000
1 1778520588 5.000000 1 5.000000 5.000000 5.000000
2 1778520588 0.000000 1 0.000000 0.000000 0.000000
3 1778520588 0.000000 1 0.000000 0.000000 0.000000
4 1778520588 0.000000 1 0.000000 0.000000 0.000000
1 1778520589 5.000000 1 5.000000 5.000000 5.000000
2 1778520589 0.000000 1 0.000000 0.000000 0.000000
3 1778520589 0.000000 1 0.000000 0.000000 0.000000
4 1778520589 0.000000 1 0.000000 0.000000 0.000000
1 1778520590 5.000000 1 5.000000 5.000000 5.000000
2 1778520590 0.000000 1 0.000000 0.000000 0.000000
3 1778520590 0.000000 1 0.000000 0.000000 0.000000
4 1778520590 0.000000 1 0.000000 0.000000 0.000000
1 1778520591 5.000000 1 5.000000 5.000000 5.000000
2 1778520591 0.000000 1 0.000000 0.000000 0.000000
3 1778520591 0.000000 1 0.000000 0.000000 0.000000
4 1778520591 0.000000 1 0.000000 0.000000 0.000000
1 1778520592 5.000000 1 5.000000 5.000000 5.000000
2 1778520592 0.000000 1 0.000000 0.000000 0.000000
3 1778520592 0.000000 1 0.000000 0.000000 0.000000
4 1778520592 0.000000 1 0.000000 0.000000 0.000000
1 1778520593 5.000000 1 5.000000 5.000000 5.000000
2 1778520593 0.000000 1 0.000000 0.000000 0.000000
3 1778520593 0.000000 1 0.000000 0.000000 0.000000
4 1778520593 0.000000 1 0.000000 0.000000 0.000000
1 1778520594 5.000000 1 5.000000 5.000000 5.000000
2 1778520594 0.000000 1 0.000000 0.000000 0.000000
3 1778520594 0.000000 1 0.000000 0.000000 0.000000
4 1778520594 0.000000 1 0.000000 0.000000 0.000000
1 1778520595 5.000000 1 5.000000 5.000000 5.000000
2 1778520595 0.000000 1 0.000000 0.000000 0.000000
3 1778520595 0.000000 1 0.000000 0.000000 0.000000
4 1778520595 0.000000 1 0.000000 0.000000 0.000000
1 1778520596 5.000000 1 5.000000 5.000000 5.000000
2 1778520596 0.000000 1 0.000000 0.000000 0.000000
3 1778520596 0.000000 1 0.000000 0.000000 0.000000
4 1778520596 0.000000 1 0.000000 0.000000 0.000000
1 1778520597 5.000000 1 5.000000 5.000000 5.000000
2 1778520597 0.000000 1 0.000000 0.000000 0.000000
3 1778520597 0.000000 1 0.000000 0.000000 0.000000
4 1778520597 0.000000 1 0.000000 0.000000 0.000000
1 1778520598 5.000000 1 5.000000 5.000000 5.000000
2 1778520598 0.000000 1 0.000000 0.000000 0.000000
3 1778520598 0.000000 1 0.000000 0.000000 0.000000
4 1778520598 0.000000 1 0.000000 0.000000 0.000000
1 1778520599 5.000000 1 5.000000 5.000000 5.000000
2 1778520599 0.000000 1 0.000000 0.000000 0.000000
3 1778520599 0.000000 1 0.000000 0.000000 0.000000
4 1778520599 0.000000 1 0.000000 0.000000 0.000000
1 1778520600 5.000000 1 5.000000 5.000000 5.000000
2 1778520600 0.000000 1 0.000000 0.000000 0.000000
3 1778520600 0.000000 1 0.000000 0.000000 0.000000
4 1778520600 0.000000 1 0.000000 0.000000 0.000000
1 1778520601 5.000000 1 5.000000 5.000000 5.000000
2 1778520601 0.000000 1 0.000000 0.000000 0.000000
3 1778520601 0.000000 1 0.000000 0.000000 0.000000
4 1778520601 0.000000 1 0.000000 0.000000 0.000000
1 1778520602 5.000000 1 5.000000 5.000000 5.000000
2 1778520602 0.000000 1 0.000000 0.000000 0.000000
3 1778520602 0.000000 1 0.000000 0.000000 0.000000
4 1778520602 0.000000 1 0.000000 0.000000 0.000000
1 1778520603 5.000000 1 5.000000 5.000000 5.000000
2 1778520603 0.000000 1 0.000000 0.000000 0.000000
3 1778520603 0.000000 1 0.000000 0.000000 0.000000
4 1778520603 0.000000 1 0.000000 0.000000 0.000000
1 1778520604 5.000000 1 5.000000 5.000000 5.000000
2 1778520604 0.000000 1 0.000000 0.000000 0.000000
3 1778520604 0.000000 1 0.000000 0.000000 0.000000
4 1778520604 0.000000 1 0.000000 0.000000 0.000000
1 1778520605 5.000000 1 5.000000 5.000000 5.000000
2 1778520605 0.000000 1 0.000000 0.000000 0.000000
3 1778520605 0.000000 1 0.000000 0.000000 0.000000
4 1778520605 0.000000 1 0.000000 0.000000 0.000000
1 1778520606 5.000000 1 5.000000 5.000000 5.000000
2 1778520606 0.000000 1 0.000000 0.000000 0.000000
3 1778520606 0.000000 1 0.000000 0.000000 0.000000
4 1778520606 0.000000 1 0.000000 0.000000 0.000000
1 1778520607 5.000000 1 5.000000 5.000000 5.000000
2 1778520607 0.000000 1 0.000000 0.000000 0.000000
3 1778520607 0.000000 1 0.000000 0.000000 0.000000
4 1778520607 0.000000 1 0.000000 0.000000 0.000000
1 1778520608 5.000000 1 5.000000 5.000000 5.000000
2 1778520608 0.000000 1 0.000000 0.000000 0.000000
3 1778520608 0.000000 1 0.000000 0.000000 0.000000
4 1778520608 0.000000 1 0.000000 0.000000 0.000000
1 1778520609 5.000000 1 5.000000 5.000000 5.000000
2 1778520609 0.000000 1 0.000000 0.000000 0.000000
3 1778520609 0.000000 1 0.000000 0.000000 0.000000
4 1778520609 0.000000 1 0.000000 0.000000 0.000000
1 1778520610 5.000000 1 5.000000 5.000000 5.000000
2 1778520610 0.000000 1 0.000000 0.000000 0.000000
3 1778520610 0.000000 1 0.000000 0.000000 0.000000
4 1778520610 0.000000 1 0.000000 0.000000 0.000000
1 1778520611 5.000000 1 5.000000 5.000000 5.000000
2 1778520611 0.000000 1 0.000000 0.000000 0.000000
3 1778520611 0.000000 1 0.000000 0.000000 0.000000
4 1778520611 0.000000 1 0.000000 0.000000 0.000000
1 1778520612 5.000000 1 5.000000 5.000000 5.000000
2 1778520612 0.000000 1 0.000000 0.000000 0.000000
3 1778520612 0.000000 1 0.000000 0.000000 0.000000
4 1778520612 0.000000 1 0.000000 0.000000 0.000000
1 1778520613 5.000000 1 5.000000 5.000000 5.000000
2 1778520613 0.000000 1 0.000000 0.000000 0.000000
3 1778520613 0.000000 1 0.000000 0.000000 0.000000
4 1778520613 0.000000 1 0.000000 0.000000 0.000000
1 1778520614 5.000000 1 5.000000 5.000000 5.000000
2 1778520614 0.000000 1 0.000000 0.000000 0.000000
3 1778520614 0.000000 1 0.000000 0.000000 0.000000
4 1778520614 0.000000 1 0.000000 0.000000 0.000000
1 1778520615 5.000000 1 5.000000 5.000000 5.000000
2 1778520615 0.000000 1 0.000000 0.000000 0.000000
3 1778520615 0.000000 1 0.000000 0.000000 0.000000
4 1778520615 0.000000 1 0.000000 0.000000 0.000000
1 1778520616 5.000000 1 5.000000 5.000000 5.000000
2 1778520616 0.000000 1 0.000000 0.000000 0.000000
3 1778520616 0.000000 1 0.000000 0.000000 0.000000
4 1778520616 0.000000 1 0.000000 0.000000 0.000000
1 1778520617 5.000000 1 5.000000 5.000000 5.000000
2 1778520617 0.000000 1 0.000000 0.000000 0.000000
3 1778520617 0.000000 1 0.000000 0.000000 0.000000
4 1778520617 0.000000 1 0.000000 0.000000 0.000000
1 1778520618 5.000000 1 5.000000 5.000000 5.000000
2 1778520618 0.000000 1 0.000000 0.000000 0.000000
3 1778520618 0.000000 1 0.000000 0.000000 0.000000
4 1778520618 0.000000 1 0.000000 0.000000 0.000000
1 1778520619 5.000000 1 5.000000 5.000000 5.000000
2 1778520619 0.000000 1 0.000000 0.000000 0.000000
3 1778520619 0.000000 1 0.000000 0.000000 0.000000
4 1778520619 0.000000 1 0.000000 0.000000 0.000000
1 1778520620 5.000000 1 5.000000 5.000000 5.000000
2 1778520620 0.000000 1 0.000000 0.000000 0.000000
3 1778520620 0.000000 1 0.000000 0.000000 0.000000
4 1778520620 0.000000 1 0.000000 0.000000 0.000000
1 1778520621 5.000000 1 5.000000 5.000000 5.000000
2 1778520621 0.000000 1 0.000000 0.000000 0.000000
3 1778520621 0.000000 1 0.000000 0.000000 0.000000
4 1778520621 0.000000 1 0.000000 0.000000 0.000000
1 1778520622 5.000000 1 5.000000 5.000000 5.000000
2 1778520622 0.000000 1 0.000000 0.000000 0.000000
3 1778520622 0.000000 1 0.000000 0.000000 0.000000
4 1778520622 0.000000 1 0.000000 0.000000 0.000000
1 1778520623 5.000000 1 5.000000 5.000000 5.000000
2 1778520623 0.000000 1 0.000000 0.000000 0.000000
3 1778520623 0.000000 1 0.000000 0.000000 0.000000
4 1778520623 0.000000 1 0.000000 0.000000 0.000000
1 1778520624 5.000000 1 5.000000 5.000000 5.000000
2 1778520624 0.000000 1 0.000000 0.000000 0.000000
3 1778520624 0.000000 1 0.000000 0.000000 0.000000
4 1778520624 0.000000 1 0.000000 0.000000 0.000000
1 1778520625 5.000000 1 5.000000 5.000000 5.000000
2 1778520625 0.000000 1 0.000000 0.000000 0.000000
3 1778520625 0.000000 1 0.000000 0.000000 0.000000
4 1778520625 0.000000 1 0.000000 0.000000 0.000000
1 1778520626 5.000000 1 5.000000 5.000000 5.000000
2 1778520626 0.000000 1 0.000000 0.000000 0.000000
3 1778520626 0.000000 1 0.000000 0.000000 0.000000
4 1778520626 0.000000 1 0.000000 0.000000 0.000000
1 1778520627 5.000000 1 5.000000 5.000000 5.000000
2 1778520627 0.000000 1 0.000000 0.000000 0.000000
3 1778520627 0.000000 1 0.000000 0.000000 0.000000
4 1778520627 0.000000 1 0.000000 0.000000 0.000000
1 1778520628 5.000000 1 5.000000 5.000000 5.000000
2 1778520628 0.000000 1 0.000000 0.000000 0.000000
3 1778520628 0.000000 1 0.000000 0.000000 0.000000
4 1778520628 0.000000 1 0.000000 0.000000 0.000000
1 1778520629 5.000000 1 5.000000 5.000000 5.000000
2 1778520629 0.000000 1 0.000000 0.000000 0.000000
3 1778520629 0.000000 1 0.000000 0.000000 0.000000
4 1778520629 0.000000 1 0.000000 0.000000 0.000000
1 1778520630 5.000000 1 5.000000 5.000000 5.000000
2 1778520630 0.000000 1 0.000000 0.000000 0.000000
3 1778520630 0.000000 1 0.000000 0.000000 0.000000
4 1778520630 0.000000 1 0.000000 0.000000 0.000000
1 1778520636 5.000000 1 5.000000 5.000000 5.000000
2 1778520636 0.000000 1 0.000000 0.000000 0.000000
3 1778520636 0.000000 1 0.000000 0.000000 0.000000
4 1778520636 0.000000 1 0.000000 0.000000 0.000000
1 1778520637 5.000000 1 5.000000 5.000000 5.000000
2 1778520637 0.000000 1 0.000000 0.000000 0.000000
3 1778520637 0.000000 1 0.000000 0.000000 0.000000
4 1778520637 0.000000 1 0.000000 0.000000 0.000000
1 1778520637 5.000000 1 5.000000 5.000000 5.000000
2 1778520637 0.000000 1 0.000000 0.000000 0.000000
3 1778520637 0.000000 1 0.000000 0.000000 0.000000
4 1778520637 0.000000 1 0.000000 0.000000 0.000000
1 1778520638 5.000000 1 5.000000 5.000000 5.000000
2 1778520638 0.000000 1 0.000000 0.000000 0.000000
3 1778520638 0.000000 1 0.000000 0.000000 0.000000
4 1778520638 0.000000 1 0.000000 0.000000 0.000000
1 1778520639 5.000000 1 5.000000 5.000000 5.000000
2 1778520639 0.000000 1 0.000000 0.000000 0.000000
3 1778520639 0.000000 1 0.000000 0.000000 0.000000
4 1778520639 0.000000 1 0.000000 0.000000 0.000000
1 1778520640 5.000000 1 5.000000 5.000000 5.000000
2 1778520640 0.000000 1 0.000000 0.000000 0.000000
3 1778520640 0.000000 1 0.000000 0.000000 0.000000
4 1778520640 0.000000 1 0.000000 0.000000 0.000000
1 1778520641 5.000000 1 5.000000 5.000000 5.000000
2 1778520641 0.000000 1 0.000000 0.000000 0.000000
3 1778520641 0.000000 1 0.000000 0.000000 0.000000
4 1778520641 0.000000 1 0.000000 0.000000 0.000000
1 1778520642 5.000000 1 5.000000 5.000000 5.000000
2 1778520642 0.000000 1 0.000000 0.000000 0.000000
3 1778520642 0.000000 1 0.000000 0.000000 0.000000
4 1778520642 0.000000 1 0.000000 0.000000 0.000000
1 1778520643 5.000000 1 5.000000 5.000000 5.000000
2 1778520643 0.000000 1 0.000000 0.000000 0.000000
3 1778520643 0.000000 1 0.000000 0.000000 0.000000
4 1778520643 0.000000 1 0.000000 0.000000 0.000000
1 1778520644 5.000000 1 5.000000 5.000000 5.000000
2 1778520644 0.000000 1 0.000000 0.000000 0.000000
3 1778520644 0.000000 1 0.000000 0.000000 0.000000
4 1778520644 0.000000 1 0.000000 0.000000 0.000000
1 1778520645 5.000000 1 5.000000 5.000000 5.000000
2 1778520645 0.000000 1 0.000000 0.000000 0.000000
3 1778520645 0.000000 1 0.000000 0.000000 0.000000
4 1778520645 0.000000 1 0.000000 0.000000 0.000000
1 1778520646 5.000000 1 5.000000 5.000000 5.000000
2 1778520646 0.000000 1 0.000000 0.000000 0.000000
3 1778520646 0.000000 1 0.000000 0.000000 0.000000
4 1778520646 0.000000 1 0.000000 0.000000 0.000000
1 1778520647 5.000000 1 5.000000 5.000000 5.000000
2 1778520647 0.000000 1 0.000000 0.000000 0.000000
3 1778520647 0.000000 1 0.000000 0.000000 0.000000
4 1778520647 0.000000 1 0.000000 0.000000 0.000000
1 1778520649 5.000000 1 5.000000 5.000000 5.000000
2 1778520649 0.000000 1 0.000000 0.000000 0.000000
3 1778520649 0.000000 1 0.000000 0.000000 0.000000
4 1778520649 0.000000 1 0.000000 0.000000 0.000000
1 1778520651 5.000000 1 5.000000 5.000000 5.000000
2 1778520651 0.000000 1 0.000000 0.000000 0.000000
3 1778520651 0.000000 1 0.000000 0.000000 0.000000
4 1778520651 0.000000 1 0.000000 0.000000 0.000000
1 1778520652 5.000000 1 5.000000 5.000000 5.000000
2 1778520652 0.000000 1 0.000000 0.000000 0.000000
3 1778520652 0.000000 1 0.000000 0.000000 0.000000
4 1778520652 0.000000 1 0.000000 0.000000 0.000000
1 1778520653 5.000000 1 5.000000 5.000000 5.000000
2 1778520653 0.000000 1 0.000000 0.000000 0.000000
3 1778520653 0.000000 1 0.000000 0.000000 0.000000
4 1778520653 0.000000 1 0.000000 0.000000 0.000000
1 1778520654 5.000000 1 5.000000 5.000000 5.000000
2 1778520654 0.000000 1 0.000000 0.000000 0.000000
3 1778520654 0.000000 1 0.000000 0.000000 0.000000
4 1778520654 0.000000 1 0.000000 0.000000 0.000000
1 1778520655 5.000000 1 5.000000 5.000000 5.000000
2 1778520655 0.000000 1 0.000000 0.000000 0.000000
3 1778520655 0.000000 1 0.000000 0.000000 0.000000
4 1778520655 0.000000 1 0.000000 0.000000 0.000000
1 1778520656 5.000000 1 5.000000 5.000000 5.000000
2 1778520656 0.000000 1 0.000000 0.000000 0.000000
3 1778520656 0.000000 1 0.000000 0.000000 0.000000
4 1778520656 0.000000 1 0.000000 0.000000 0.000000
1 1778520657 5.000000 1 5.000000 5.000000 5.000000
2 1778520657 0.000000 1 0.000000 0.000000 0.000000
3 1778520657 0.000000 1 0.000000 0.000000 0.000000
4 1778520657 0.000000 1 0.000000 0.000000 0.000000
1 1778520658 5.000000 1 5.000000 5.000000 5.000000
2 1778520658 0.000000 1 0.000000 0.000000 0.000000
3 1778520658 0.000000 1 0.000000 0.000000 0.000000
4 1778520658 0.000000 1 0.000000 0.000000 0.000000
1 1778520659 5.000000 1 5.000000 5.000000 5.000000
2 1778520659 0.000000 1 0.000000 0.000000 0.000000
3 1778520659 0.000000 1 0.000000 0.000000 0.000000
4 1778520659 0.000000 1 0.000000 0.000000 0.000000
1 1778520660 5.000000 1 5.000000 5.000000 5.000000
2 1778520660 0.000000 1 0.000000 0.000000 0.000000
3 1778520660 0.000000 1 0.000000 0.000000 0.000000
4 1778520660 0.000000 1 0.000000 0.000000 0.000000
1 1778520661 5.000000 1 5.000000 5.000000 5.000000
2 1778520661 0.000000 1 0.000000 0.000000 0.000000
3 1778520661 0.000000 1 0.000000 0.000000 0.000000
4 1778520661 0.000000 1 0.000000 0.000000 0.000000
1 1778520662 5.000000 1 5.000000 5.000000 5.000000
2 1778520662 0.000000 1 0.000000 0.000000 0.000000
3 1778520662 0.000000 1 0.000000 0.000000 0.000000
4 1778520662 0.000000 1 0.000000 0.000000 0.000000
1 1778520663 5.000000 1 5.000000 5.000000 5.000000
2 1778520663 0.000000 1 0.000000 0.000000 0.000000
3 1778520663 0.000000 1 0.000000 0.000000 0.000000
4 1778520663 0.000000 1 0.000000 0.000000 0.000000
1 1778520664 5.000000 1 5.000000 5.000000 5.000000
2 1778520664 0.000000 1 0.000000 0.000000 0.000000
3 1778520664 0.000000 1 0.000000 0.000000 0.000000
4 1778520664 0.000000 1 0.000000 0.000000 0.000000
1 1778520665 5.000000 1 5.000000 5.000000 5.000000
2 1778520665 0.000000 1 0.000000 0.000000 0.000000
3 1778520665 0.000000 1 0.000000 0.000000 0.000000
4 1778520665 0.000000 1 0.000000 0.000000 0.000000
1 1778520666 5.000000 1 5.000000 5.000000 5.000000
2 1778520666 0.000000 1 0.000000 0.000000 0.000000
3 1778520666 0.000000 1 0.000000 0.000000 0.000000
4 1778520666 0.000000 1 0.000000 0.000000 0.000000
1 1778520667 5.000000 1 5.000000 5.000000 5.000000
2 1778520667 0.000000 1 0.000000 0.000000 0.000000
3 1778520667 0.000000 1 0.000000 0.000000 0.000000
4 1778520667 0.000000 1 0.000000 0.000000 0.000000
1 1778520668 5.000000 1 5.000000 5.000000 5.000000
2 1778520668 0.000000 1 0.000000 0.000000 0.000000
3 1778520668 0.000000 1 0.000000 0.000000 0.000000
4 1778520668 0.000000 1 0.000000 0.000000 0.000000
1 1778520669 5.000000 1 5.000000 5.000000 5.000000
2 1778520669 0.000000 1 0.000000 0.000000 0.000000
3 1778520669 0.000000 1 0.000000 0.000000 0.000000
4 1778520669 0.000000 1 0.000000 0.000000 0.000000
1 1778520670 5.000000 1 5.000000 5.000000 5.000000
2 1778520670 0.000000 1 0.000000 0.000000 0.000000
3 1778520670 0.000000 1 0.000000 0.000000 0.000000
4 1778520670 0.000000 1 0.000000 0.000000 0.000000
1 1778520671 5.000000 1 5.000000 5.000000 5.000000
2 1778520671 0.000000 1 0.000000 0.000000 0.000000
3 1778520671 0.000000 1 0.000000 0.000000 0.000000
4 1778520671 0.000000 1 0.000000 0.000000 0.000000
1 1778520672 5.000000 1 5.000000 5.000000 5.000000
2 1778520672 0.000000 1 0.000000 0.000000 0.000000
3 1778520672 0.000000 1 0.000000 0.000000 0.000000
4 1778520672 0.000000 1 0.000000 0.000000 0.000000
1 1778520673 5.000000 1 5.000000 5.000000 5.000000
2 1778520673 0.000000 1 0.000000 0.000000 0.000000
3 1778520673 0.000000 1 0.000000 0.000000 0.000000
4 1778520673 0.000000 1 0.000000 0.000000 0.000000
1 1778520674 5.000000 1 5.000000 5.000000 5.000000
2 1778520674 0.000000 1 0.000000 0.000000 0.000000
3 1778520674 0.000000 1 0.000000 0.000000 0.000000
4 1778520674 0.000000 1 0.000000 0.000000 0.000000
1 1778520675 5.000000 1 5.000000 5.000000 5.000000
2 1778520675 0.000000 1 0.000000 0.000000 0.000000
3 1778520675 0.000000 1 0.000000 0.000000 0.000000
4 1778520675 0.000000 1 0.000000 0.000000 0.000000
1 1778520676 5.000000 1 5.000000 5.000000 5.000000
2 1778520676 0.000000 1 0.000000 0.000000 0.000000
3 1778520676 0.000000 1 0.000000 0.000000 0.000000
4 1778520676 0.000000 1 0.000000 0.000000 0.000000
1 1778520677 5.000000 1 5.000000 5.000000 5.000000
2 1778520677 0.000000 1 0.000000 0.000000 0.000000
3 1778520677 0.000000 1 0.000000 0.000000 0.000000
4 1778520677 0.000000 1 0.000000 0.000000 0.000000
1 1778520678 5.000000 1 5.000000 5.000000 5.000000
2 1778520678 0.000000 1 0.000000 0.000000 0.000000
3 1778520678 0.000000 1 0.000000 0.000000 0.000000
4 1778520678 0.000000 1 0.000000 0.000000 0.000000
1 1778520679 5.000000 1 5.000000 5.000000 5.000000
2 1778520679 0.000000 1 0.000000 0.000000 0.000000
3 1778520679 0.000000 1 0.000000 0.000000 0.000000
4 1778520679 0.000000 1 0.000000 0.000000 0.000000
1 1778520680 5.000000 1 5.000000 5.000000 5.000000
2 1778520680 0.000000 1 0.000000 0.000000 0.000000
3 1778520680 0.000000 1 0.000000 0.000000 0.000000
4 1778520680 0.000000 1 0.000000 0.000000 0.000000
1 1778520681 5.000000 1 5.000000 5.000000 5.000000
2 1778520681 0.000000 1 0.000000 0.000000 0.000000
3 1778520681 0.000000 1 0.000000 0.000000 0.000000
4 1778520681 0.000000 1 0.000000 0.000000 0.000000
1 1778520682 5.000000 1 5.000000 5.000000 5.000000
2 1778520682 0.000000 1 0.000000 0.000000 0.000000
3 1778520682 0.000000 1 0.000000 0.000000 0.000000
4 1778520682 0.000000 1 0.000000 0.000000 0.000000
1 1778520683 5.000000 1 5.000000 5.000000 5.000000
2 1778520683 0.000000 1 0.000000 0.000000 0.000000
3 1778520683 0.000000 1 0.000000 0.000000 0.000000
4 1778520683 0.000000 1 0.000000 0.000000 0.000000
1 1778520684 5.000000 1 5.000000 5.000000 5.000000
2 1778520684 0.000000 1 0.000000 0.000000 0.000000
3 1778520684 0.000000 1 0.000000 0.000000 0.000000
4 1778520684 0.000000 1 0.000000 0.000000 0.000000
1 1778520685 5.000000 1 5.000000 5.000000 5.000000
2 1778520685 0.000000 1 0.000000 0.000000 0.000000
3 1778520685 0.000000 1 0.000000 0.000000 0.000000
4 1778520685 0.000000 1 0.000000 0.000000 0.000000
1 1778520686 5.000000 1 5.000000 5.000000 5.000000
2 1778520686 0.000000 1 0.000000 0.000000 0.000000
3 1778520686 0.000000 1 0.000000 0.000000 0.000000
4 1778520686 0.000000 1 0.000000 0.000000 0.000000
1 1778520687 5.000000 1 5.000000 5.000000 5.000000
2 1778520687 0.000000 1 0.000000 0.000000 0.000000
3 1778520687 0.000000 1 0.000000 0.000000 0.000000
4 1778520687 0.000000 1 0.000000 0.000000 0.000000
1 1778520688 5.000000 1 5.000000 5.000000 5.000000
2 1778520688 0.000000 1 0.000000 0.000000 0.000000
3 1778520688 0.000000 1 0.000000 0.000000 0.000000
4 1778520688 0.000000 1 0.000000 0.000000 0.000000
1 1778520689 5.000000 1 5.000000 5.000000 5.000000
2 1778520689 0.000000 1 0.000000 0.000000 0.000000
3 1778520689 0.000000 1 0.000000 0.000000 0.000000
4 1778520689 0.000000 1 0.000000 0.000000 0.000000
1 1778520690 5.000000 1 5.000000 5.000000 5.000000
2 1778520690 0.000000 1 0.000000 0.000000 0.000000
3 1778520690 0.000000 1 0.000000 0.000000 0.000000
4 1778520690 0.000000 1 0.000000 0.000000 0.000000
1 1778520691 5.000000 1 5.000000 5.000000 5.000000
2 1778520691 0.000000 1 0.000000 0.000000 0.000000
3 1778520691 0.000000 1 0.000000 0.000000 0.000000
4 1778520691 0.000000 1 0.000000 0.000000 0.000000
1 1778520692 5.000000 1 5.000000 5.000000 5.000000
2 1778520692 0.000000 1 0.000000 0.000000 0.000000
3 1778520692 0.000000 1 0.000000 0.000000 0.000000
4 1778520692 0.000000 1 0.000000 0.000000 0.000000
1 1778520693 5.000000 1 5.000000 5.000000 5.000000
2 1778520693 0.000000 1 0.000000 0.000000 0.000000
3 1778520693 0.000000 1 0.000000 0.000000 0.000000
4 1778520693 0.000000 1 0.000000 0.000000 0.000000
1 1778520694 5.000000 1 5.000000 5.000000 5.000000
2 1778520694 0.000000 1 0.000000 0.000000 0.000000
3 1778520694 0.000000 1 0.000000 0.000000 0.000000
4 1778520694 0.000000 1 0.000000 0.000000 0.000000
1 1778520695 5.000000 1 5.000000 5.000000 5.000000
2 1778520695 0.000000 1 0.000000 0.000000 0.000000
3 1778520695 0.000000 1 0.000000 0.000000 0.000000
4 1778520695 0.000000 1 0.000000 0.000000 0.000000
1 1778520696 5.000000 1 5.000000 5.000000 5.000000
2 1778520696 0.000000 1 0.000000 0.000000 0.000000
3 1778520696 0.000000 1 0.000000 0.000000 0.000000
4 1778520696 0.000000 1 0.000000 0.000000 0.000000
1 1778520697 5.000000 1 5.000000 5.000000 5.000000
2 1778520697 0.000000 1 0.000000 0.000000 0.000000
3 1778520697 0.000000 1 0.000000 0.000000 0.000000
4 1778520697 0.000000 1 0.000000 0.000000 0.000000
1 1778520698 5.000000 1 5.000000 5.000000 5.000000
2 1778520698 0.000000 1 0.000000 0.000000 0.000000
3 1778520698 0.000000 1 0.000000 0.000000 0.000000
4 1778520698 0.000000 1 0.000000 0.000000 0.000000
1 1778520699 5.000000 1 5.000000 5.000000 5.000000
2 1778520699 0.000000 1 0.000000 0.000000 0.000000
3 1778520699 0.000000 1 0.000000 0.000000 0.000000
4 1778520699 0.000000 1 0.000000 0.000000 0.000000
1 1778520700 5.000000 1 5.000000 5.000000 5.000000
2 1778520700 0.000000 1 0.000000 0.000000 0.000000
3 1778520700 0.000000 1 0.000000 0.000000 0.000000
4 1778520700 0.000000 1 0.000000 0.000000 0.000000
1 1778520701 5.000000 1 5.000000 5.000000 5.000000
2 1778520701 0.000000 1 0.000000 0.000000 0.000000
3 1778520701 0.000000 1 0.000000 0.000000 0.000000
4 1778520701 0.000000 1 0.000000 0.000000 0.000000
1 1778520702 5.000000 1 5.000000 5.000000 5.000000
2 1778520702 0.000000 1 0.000000 0.000000 0.000000
3 1778520702 0.000000 1 0.000000 0.000000 0.000000
4 1778520702 0.000000 1 0.000000 0.000000 0.000000
1 1778520703 5.000000 1 5.000000 5.000000 5.000000
2 1778520703 0.000000 1 0.000000 0.000000 0.000000
3 1778520703 0.000000 1 0.000000 0.000000 0.000000
4 1778520703 0.000000 1 0.000000 0.000000 0.000000
1 1778520704 5.000000 1 5.000000 5.000000 5.000000
2 1778520704 0.000000 1 0.000000 0.000000 0.000000
3 1778520704 0.000000 1 0.000000 0.000000 0.000000
4 1778520704 0.000000 1 0.000000 0.000000 0.000000
1 1778520705 5.000000 1 5.000000 5.000000 5.000000
2 1778520705 0.000000 1 0.000000 0.000000 0.000000
3 1778520705 0.000000 1 0.000000 0.000000 0.000000
4 1778520705 0.000000 1 0.000000 0.000000 0.000000
1 1778520706 5.000000 1 5.000000 5.000000 5.000000
2 1778520706 0.000000 1 0.000000 0.000000 0.000000
3 1778520706 0.000000 1 0.000000 0.000000 0.000000
4 1778520706 0.000000 1 0.000000 0.000000 0.000000
1 1778520707 5.000000 1 5.000000 5.000000 5.000000
2 1778520707 0.000000 1 0.000000 0.000000 0.000000
3 1778520707 0.000000 1 0.000000 0.000000 0.000000
4 1778520707 0.000000 1 0.000000 0.000000 0.000000
1 1778520708 5.000000 1 5.000000 5.000000 5.000000
2 1778520708 0.000000 1 0.000000 0.000000 0.000000
3 1778520708 0.000000 1 0.000000 0.000000 0.000000
4 1778520708 0.000000 1 0.000000 0.000000 0.000000
1 1778520709 5.000000 1 5.000000 5.000000 5.000000
2 1778520709 0.000000 1 0.000000 0.000000 0.000000
3 1778520709 0.000000 1 0.000000 0.000000 0.000000
4 1778520709 0.000000 1 0.000000 0.000000 0.000000
1 1778520710 5.000000 1 5.000000 5.000000 5.000000
2 1778520710 0.000000 1 0.000000 0.000000 0.000000
3 1778520710 0.000000 1 0.000000 0.000000 0.000000
4 1778520710 0.000000 1 0.000000 0.000000 0.000000
1 1778520711 5.000000 1 5.000000 5.000000 5.000000
2 1778520711 0.000000 1 0.000000 0.000000 0.000000
3 1778520711 0.000000 1 0.000000 0.000000 0.000000
4 1778520711 0.000000 1 0.000000 0.000000 0.000000
1 1778520712 5.000000 1 5.000000 5.000000 5.000000
2 1778520712 0.000000 1 0.000000 0.000000 0.000000
3 1778520712 0.000000 1 0.000000 0.000000 0.000000
4 1778520712 0.000000 1 0.000000 0.000000 0.000000
1 1778520714 5.000000 1 5.000000 5.000000 5.000000
2 1778520714 0.000000 1 0.000000 0.000000 0.000000
3 1778520714 0.000000 1 0.000000 0.000000 0.000000
4 1778520714 0.000000 1 0.000000 0.000000 0.000000
1 1778520715 5.000000 1 5.000000 5.000000 5.000000
2 1778520715 0.000000 1 0.000000 0.000000 0.000000
3 1778520715 0.000000 1 0.000000 0.000000 0.000000
4 1778520715 0.000000 1 0.000000 0.000000 0.000000
1 1778520716 5.000000 1 5.000000 5.000000 5.000000
2 1778520716 0.000000 1 0.000000 0.000000 0.000000
3 1778520716 0.000000 1 0.000000 0.000000 0.000000
4 1778520716 0.000000 1 0.000000 0.000000 0.000000
1 1778520717 5.000000 1 5.000000 5.000000 5.000000
2 1778520717 0.000000 1 0.000000 0.000000 0.000000
3 1778520717 0.000000 1 0.000000 0.000000 0.000000
4 1778520717 0.000000 1 0.000000 0.000000 0.000000
1 1778520718 5.000000 1 5.000000 5.000000 5.000000
2 1778520718 0.000000 1 0.000000 0.000000 0.000000
3 1778520718 0.000000 1 0.000000 0.000000 0.000000
4 1778520718 0.000000 1 0.000000 0.000000 0.000000
1 1778520719 5.000000 1 5.000000 5.000000 5.000000
2 1778520719 0.000000 1 0.000000 0.000000 0.000000
3 1778520719 0.000000 1 0.000000 0.000000 0.000000
4 1778520719 0.000000 1 0.000000 0.000000 0.000000
1 1778520720 5.000000 1 5.000000 5.000000 5.000000
2 1778520720 0.000000 1 0.000000 0.000000 0.000000
3 1778520720 0.000000 1 0.000000 0.000000 0.000000
4 1778520720 0.000000 1 0.000000 0.000000 0.000000
1 1778520721 5.000000 1 5.000000 5.000000 5.000000
2 1778520721 0.000000 1 0.000000 0.000000 0.000000
3 1778520721 0.000000 1 0.000000 0.000000 0.000000
4 1778520721 0.000000 1 0.000000 0.000000 0.000000
1 1778520722 5.000000 1 5.000000 5.000000 5.000000
2 1778520722 0.000000 1 0.000000 0.000000 0.000000
3 1778520722 0.000000 1 0.000000 0.000000 0.000000
4 1778520722 0.000000 1 0.000000 0.000000 0.000000
1 1778520723 5.000000 1 5.000000 5.000000 5.000000
2 1778520723 0.000000 1 0.000000 0.000000 0.000000
3 1778520723 0.000000 1 0.000000 0.000000 0.000000
4 1778520723 0.000000 1 0.000000 0.000000 0.000000
1 1778520724 5.000000 1 5.000000 5.000000 5.000000
2 1778520724 0.000000 1 0.000000 0.000000 0.000000
3 1778520724 0.000000 1 0.000000 0.000000 0.000000
4 1778520724 0.000000 1 0.000000 0.000000 0.000000
1 1778520725 5.000000 1 5.000000 5.000000 5.000000
2 1778520725 0.000000 1 0.000000 0.000000 0.000000
3 1778520725 0.000000 1 0.000000 0.000000 0.000000
4 1778520725 0.000000 1 0.000000 0.000000 0.000000
1 1778520726 5.000000 1 5.000000 5.000000 5.000000
2 1778520726 0.000000 1 0.000000 0.000000 0.000000
3 1778520726 0.000000 1 0.000000 0.000000 0.000000
4 1778520726 0.000000 1 0.000000 0.000000 0.000000
1 1778520727 5.000000 1 5.000000 5.000000 5.000000
2 1778520727 0.000000 1 0.000000 0.000000 0.000000
3 1778520727 0.000000 1 0.000000 0.000000 0.000000
4 1778520727 0.000000 1 0.000000 0.000000 0.000000
1 1778520728 5.000000 1 5.000000 5.000000 5.000000
2 1778520728 0.000000 1 0.000000 0.000000 0.000000
3 1778520728 0.000000 1 0.000000 0.000000 0.000000
4 1778520728 0.000000 1 0.000000 0.000000 0.000000
1 1778520729 5.000000 1 5.000000 5.000000 5.000000
2 1778520729 0.000000 1 0.000000 0.000000 0.000000
3 1778520729 0.000000 1 0.000000 0.000000 0.000000
4 1778520729 0.000000 1 0.000000 0.000000 0.000000
1 1778520730 5.000000 1 5.000000 5.000000 5.000000
2 1778520730 0.000000 1 0.000000 0.000000 0.000000
3 1778520730 0.000000 1 0.000000 0.000000 0.000000
4 1778520730 0.000000 1 0.000000 0.000000 0.000000
1 1778520731 5.000000 1 5.000000 5.000000 5.000000
2 1778520731 0.000000 1 0.000000 0.000000 0.000000
3 1778520731 0.000000 1 0.000000 0.000000 0.000000
4 1778520731 0.000000 1 0.000000 0.000000 0.000000
1 1778520732 5.000000 1 5.000000 5.000000 5.000000
2 1778520732 0.000000 1 0.000000 0.000000 0.000000
3 1778520732 0.000000 1 0.000000 0.000000 0.000000
4 1778520732 0.000000 1 0.000000 0.000000 0.000000
1 1778520733 5.000000 1 5.000000 5.000000 5.000000
2 1778520733 0.000000 1 0.000000 0.000000 0.000000
3 1778520733 0.000000 1 0.000000 0.000000 0.000000
4 1778520733 0.000000 1 0.000000 0.000000 0.000000
1 1778520734 5.000000 1 5.000000 5.000000 5.000000
2 1778520734 0.000000 1 0.000000 0.000000 0.000000
3 1778520734 0.000000 1 0.000000 0.000000 0.000000
4 1778520734 0.000000 1 0.000000 0.000000 0.000000
1 1778520735 5.000000 1 5.000000 5.000000 5.000000
2 1778520735 0.000000 1 0.000000 0.000000 0.000000
3 1778520735 0.000000 1 0.000000 0.000000 0.000000
4 1778520735 0.000000 1 0.000000 0.000000 0.000000
1 1778520736 5.000000 1 5.000000 5.000000 5.000000
2 1778520736 0.000000 1 0.000000 0.000000 0.000000
3 1778520736 0.000000 1 0.000000 0.000000 0.000000
4 1778520736 0.000000 1 0.000000 0.000000 0.000000
1 1778520737 5.000000 1 5.000000 5.000000 5.000000
2 1778520737 0.000000 1 0.000000 0.000000 0.000000
3 1778520737 0.000000 1 0.000000 0.000000 0.000000
4 1778520737 0.000000 1 0.000000 0.000000 0.000000
1 1778520738 5.000000 1 5.000000 5.000000 5.000000
2 1778520738 0.000000 1 0.000000 0.000000 0.000000
3 1778520738 0.000000 1 0.000000 0.000000 0.000000
4 1778520738 0.000000 1 0.000000 0.000000 0.000000
1 1778520739 5.000000 1 5.000000 5.000000 5.000000
2 1778520739 0.000000 1 0.000000 0.000000 0.000000
3 1778520739 0.000000 1 0.000000 0.000000 0.000000
4 1778520739 0.000000 1 0.000000 0.000000 0.000000
1 1778520740 5.000000 1 5.000000 5.000000 5.000000
2 1778520740 0.000000 1 0.000000 0.000000 0.000000
3 1778520740 0.000000 1 0.000000 0.000000 0.000000
4 1778520740 0.000000 1 0.000000 0.000000 0.000000
1 1778520741 5.000000 1 5.000000 5.000000 5.000000
2 1778520741 0.000000 1 0.000000 0.000000 0.000000
3 1778520741 0.000000 1 0.000000 0.000000 0.000000
4 1778520741 0.000000 1 0.000000 0.000000 0.000000
1 1778520742 5.000000 1 5.000000 5.000000 5.000000
2 1778520742 0.000000 1 0.000000 0.000000 0.000000
3 1778520742 0.000000 1 0.000000 0.000000 0.000000
4 1778520742 0.000000 1 0.000000 0.000000 0.000000
1 1778520743 5.000000 1 5.000000 5.000000 5.000000
2 1778520743 0.000000 1 0.000000 0.000000 0.000000
3 1778520743 0.000000 1 0.000000 0.000000 0.000000
4 1778520743 0.000000 1 0.000000 0.000000 0.000000
1 1778520744 5.000000 1 5.000000 5.000000 5.000000
2 1778520744 0.000000 1 0.000000 0.000000 0.000000
3 1778520744 0.000000 1 0.000000 0.000000 0.000000
4 1778520744 0.000000 1 0.000000 0.000000 0.000000
1 1778520745 5.000000 1 5.000000 5.000000 5.000000
2 1778520745 0.000000 1 0.000000 0.000000 0.000000
3 1778520745 0.000000 1 0.000000 0.000000 0.000000
4 1778520745 0.000000 1 0.000000 0.000000 0.000000
1 1778520746 5.000000 1 5.000000 5.000000 5.000000
2 1778520746 0.000000 1 0.000000 0.000000 0.000000
3 1778520746 0.000000 1 0.000000 0.000000 0.000000
4 1778520746 0.000000 1 0.000000 0.000000 0.000000
1 1778520747 5.000000 1 5.000000 5.000000 5.000000
2 1778520747 0.000000 1 0.000000 0.000000 0.000000
3 1778520747 0.000000 1 0.000000 0.000000 0.000000
4 1778520747 0.000000 1 0.000000 0.000000 0.000000
1 1778520748 5.000000 1 5.000000 5.000000 5.000000
2 1778520748 0.000000 1 0.000000 0.000000 0.000000
3 1778520748 0.000000 1 0.000000 0.000000 0.000000
4 1778520748 0.000000 1 0.000000 0.000000 0.000000
1 1778520749 5.000000 1 5.000000 5.000000 5.000000
2 1778520749 0.000000 1 0.000000 0.000000 0.000000
3 1778520749 0.000000 1 0.000000 0.000000 0.000000
4 1778520749 0.000000 1 0.000000 0.000000 0.000000
1 1778520750 5.000000 1 5.000000 5.000000 5.000000
2 1778520750 0.000000 1 0.000000 0.000000 0.000000
3 1778520750 0.000000 1 0.000000 0.000000 0.000000
4 1778520750 0.000000 1 0.000000 0.000000 0.000000
1 1778520751 5.000000 1 5.000000 5.000000 5.000000
2 1778520751 0.000000 1 0.000000 0.000000 0.000000
3 1778520751 0.000000 1 0.000000 0.000000 0.000000
4 1778520751 0.000000 1 0.000000 0.000000 0.000000
1 1778520752 5.000000 1 5.000000 5.000000 5.000000
2 1778520752 0.000000 1 0.000000 0.000000 0.000000
3 1778520752 0.000000 1 0.000000 0.000000 0.000000
4 1778520752 0.000000 1 0.000000 0.000000 0.000000
1 1778520753 5.000000 1 5.000000 5.000000 5.000000
2 1778520753 0.000000 1 0.000000 0.000000 0.000000
3 1778520753 0.000000 1 0.000000 0.000000 0.000000
4 1778520753 0.000000 1 0.000000 0.000000 0.000000
1 1778520754 5.000000 1 5.000000 5.000000 5.000000
2 1778520754 0.000000 1 0.000000 0.000000 0.000000
3 1778520754 0.000000 1 0.000000 0.000000 0.000000
4 1778520754 0.000000 1 0.000000 0.000000 0.000000
1 1778520755 5.000000 1 5.000000 5.000000 5.000000
2 1778520755 0.000000 1 0.000000 0.000000 0.000000
3 1778520755 0.000000 1 0.000000 0.000000 0.000000
4 1778520755 0.000000 1 0.000000 0.000000 0.000000
1 1778520756 5.000000 1 5.000000 5.000000 5.000000
2 1778520756 0.000000 1 0.000000 0.000000 0.000000
3 1778520756 0.000000 1 0.000000 0.000000 0.000000
4 1778520756 0.000000 1 0.000000 0.000000 0.000000
1 1778520757 5.000000 1 5.000000 5.000000 5.000000
2 1778520757 0.000000 1 0.000000 0.000000 0.000000
3 1778520757 0.000000 1 0.000000 0.000000 0.000000
4 1778520757 0.000000 1 0.000000 0.000000 0.000000
1 1778520758 5.000000 1 5.000000 5.000000 5.000000
2 1778520758 0.000000 1 0.000000 0.000000 0.000000
3 1778520758 0.000000 1 0.000000 0.000000 0.000000
4 1778520758 0.000000 1 0.000000 0.000000 0.000000
1 1778520759 5.000000 1 5.000000 5.000000 5.000000
2 1778520759 0.000000 1 0.000000 0.000000 0.000000
3 1778520759 0.000000 1 0.000000 0.000000 0.000000
4 1778520759 0.000000 1 0.000000 0.000000 0.000000
1 1778520760 5.000000 1 5.000000 5.000000 5.000000
2 1778520760 0.000000 1 0.000000 0.000000 0.000000
3 1778520760 0.000000 1 0.000000 0.000000 0.000000
4 1778520760 0.000000 1 0.000000 0.000000 0.000000
1 1778520761 5.000000 1 5.000000 5.000000 5.000000
2 1778520761 0.000000 1 0.000000 0.000000 0.000000
3 1778520761 0.000000 1 0.000000 0.000000 0.000000
4 1778520761 0.000000 1 0.000000 0.000000 0.000000
1 1778520762 5.000000 1 5.000000 5.000000 5.000000
2 1778520762 0.000000 1 0.000000 0.000000 0.000000
3 1778520762 0.000000 1 0.000000 0.000000 0.000000
4 1778520762 0.000000 1 0.000000 0.000000 0.000000
1 1778520763 5.000000 1 5.000000 5.000000 5.000000
2 1778520763 0.000000 1 0.000000 0.000000 0.000000
3 1778520763 0.000000 1 0.000000 0.000000 0.000000
4 1778520763 0.000000 1 0.000000 0.000000 0.000000
1 1778520764 5.000000 1 5.000000 5.000000 5.000000
2 1778520764 0.000000 1 0.000000 0.000000 0.000000
3 1778520764 0.000000 1 0.000000 0.000000 0.000000
4 1778520764 0.000000 1 0.000000 0.000000 0.000000
1 1778520765 5.000000 1 5.000000 5.000000 5.000000
2 1778520765 0.000000 1 0.000000 0.000000 0.000000
3 1778520765 0.000000 1 0.000000 0.000000 0.000000
4 1778520765 0.000000 1 0.000000 0.000000 0.000000
1 1778520766 5.000000 1 5.000000 5.000000 5.000000
2 1778520766 0.000000 1 0.000000 0.000000 0.000000
3 1778520766 0.000000 1 0.000000 0.000000 0.000000
4 1778520766 0.000000 1 0.000000 0.000000 0.000000
1 1778520767 5.000000 1 5.000000 5.000000 5.000000
2 1778520767 0.000000 1 0.000000 0.000000 0.000000
3 1778520767 0.000000 1 0.000000 0.000000 0.000000
4 1778520767 0.000000 1 0.000000 0.000000 0.000000
1 1778520768 5.000000 1 5.000000 5.000000 5.000000
2 1778520768 0.000000 1 0.000000 0.000000 0.000000
3 1778520768 0.000000 1 0.000000 0.000000 0.000000
4 1778520768 0.000000 1 0.000000 0.000000 0.000000
1 1778520769 5.000000 1 5.000000 5.000000 5.000000
2 1778520769 0.000000 1 0.000000 0.000000 0.000000
3 1778520769 0.000000 1 0.000000 0.000000 0.000000
4 1778520769 0.000000 1 0.000000 0.000000 0.000000
1 1778520770 5.000000 1 5.000000 5.000000 5.000000
2 1778520770 0.000000 1 0.000000 0.000000 0.000000
3 1778520770 0.000000 1 0.000000 0.000000 0.000000
4 1778520770 0.000000 1 0.000000 0.000000 0.000000
1 1778520771 5.000000 1 5.000000 5.000000 5.000000
2 1778520771 0.000000 1 0.000000 0.000000 0.000000
3 1778520771 0.000000 1 0.000000 0.000000 0.000000
4 1778520771 0.000000 1 0.000000 0.000000 0.000000
1 1778520772 5.000000 1 5.000000 5.000000 5.000000
2 1778520772 0.000000 1 0.000000 0.000000 0.000000
3 1778520772 0.000000 1 0.000000 0.000000 0.000000
4 1778520772 0.000000 1 0.000000 0.000000 0.000000
1 1778520773 5.000000 1 5.000000 5.000000 5.000000
2 1778520773 0.000000 1 0.000000 0.000000 0.000000
3 1778520773 0.000000 1 0.000000 0.000000 0.000000
4 1778520773 0.000000 1 0.000000 0.000000 0.000000
1 1778520774 5.000000 1 5.000000 5.000000 5.000000
2 1778520774 0.000000 1 0.000000 0.000000 0.000000
3 1778520774 0.000000 1 0.000000 0.000000 0.000000
4 1778520774 0.000000 1 0.000000 0.000000 0.000000
1 1778520775 5.000000 1 5.000000 5.000000 5.000000
2 1778520775 0.000000 1 0.000000 0.000000 0.000000
3 1778520775 0.000000 1 0.000000 0.000000 0.000000
4 1778520775 0.000000 1 0.000000 0.000000 0.000000
1 1778520776 5.000000 1 5.000000 5.000000 5.000000
2 1778520776 0.000000 1 0.000000 0.000000 0.000000
3 1778520776 0.000000 1 0.000000 0.000000 0.000000
4 1778520776 0.000000 1 0.000000 0.000000 0.000000
1 1778520778 5.000000 1 5.000000 5.000000 5.000000
2 1778520778 0.000000 1 0.000000 0.000000 0.000000
3 1778520778 0.000000 1 0.000000 0.000000 0.000000
4 1778520778 0.000000 1 0.000000 0.000000 0.000000
1 1778520779 5.000000 1 5.000000 5.000000 5.000000
2 1778520779 0.000000 1 0.000000 0.000000 0.000000
3 1778520779 0.000000 1 0.000000 0.000000 0.000000
4 1778520779 0.000000 1 0.000000 0.000000 0.000000
1 1778520780 5.000000 1 5.000000 5.000000 5.000000
2 1778520780 0.000000 1 0.000000 0.000000 0.000000
3 1778520780 0.000000 1 0.000000 0.000000 0.000000
4 1778520780 0.000000 1 0.000000 0.000000 0.000000
1 1778520781 5.000000 1 5.000000 5.000000 5.000000
2 1778520781 0.000000 1 0.000000 0.000000 0.000000
3 1778520781 0.000000 1 0.000000 0.000000 0.000000
4 1778520781 0.000000 1 0.000000 0.000000 0.000000
1 1778520782 5.000000 1 5.000000 5.000000 5.000000
2 1778520782 0.000000 1 0.000000 0.000000 0.000000
3 1778520782 0.000000 1 0.000000 0.000000 0.000000
4 1778520782 0.000000 1 0.000000 0.000000 0.000000
1 1778520783 5.000000 1 5.000000 5.000000 5.000000
2 1778520783 0.000000 1 0.000000 0.000000 0.000000
3 1778520783 0.000000 1 0.000000 0.000000 0.000000
4 1778520783 0.000000 1 0.000000 0.000000 0.000000
1 1778520784 5.000000 1 5.000000 5.000000 5.000000
2 1778520784 0.000000 1 0.000000 0.000000 0.000000
3 1778520784 0.000000 1 0.000000 0.000000 0.000000
4 1778520784 0.000000 1 0.000000 0.000000 0.000000
1 1778520785 5.000000 1 5.000000 5.000000 5.000000
2 1778520785 0.000000 1 0.000000 0.000000 0.000000
3 1778520785 0.000000 1 0.000000 0.000000 0.000000
4 1778520785 0.000000 1 0.000000 0.000000 0.000000
1 1778520786 5.000000 1 5.000000 5.000000 5.000000
2 1778520786 0.000000 1 0.000000 0.000000 0.000000
3 1778520786 0.000000 1 0.000000 0.000000 0.000000
4 1778520786 0.000000 1 0.000000 0.000000 0.000000
1 1778520787 3.000000 1 3.000000 3.000000 3.000000
2 1778520787 0.000000 1 0.000000 0.000000 0.000000
3 1778520787 2.000000 1 2.000000 2.000000 2.000000
4 1778520787 0.000000 1 0.000000 0.000000 0.000000
1 1778520788 2.000000 1 2.000000 2.000000 2.000000
2 1778520788 0.000000 1 0.000000 0.000000 0.000000
3 1778520788 3.000000 1 3.000000 3.000000 3.000000
4 1778520788 0.000000 1 0.000000 0.000000 0.000000
1 1778520789 1.000000 1 1.000000 1.000000 1.000000
2 1778520789 0.000000 1 0.000000 0.000000 0.000000
3 1778520789 4.000000 1 4.000000 4.000000 4.000000
4 1778520789 0.000000 1 0.000000 0.000000 0.000000
1 1778520790 1.000000 1 1.000000 1.000000 1.000000
2 1778520790 0.000000 1 0.000000 0.000000 0.000000
3 1778520790 4.000000 1 4.000000 4.000000 4.000000
4 1778520790 0.000000 1 0.000000 0.000000 0.000000
1 1778520791 0.000000 1 0.000000 0.000000 0.000000
2 1778520791 0.000000 1 0.000000 0.000000 0.000000
3 1778520791 5.000000 1 5.000000 5.000000 5.000000
4 1778520791 0.000000 1 0.000000 0.000000 0.000000
