14 1778523113 1.000000 -1 1.000000 1.000000 1.000000
17 1778523113 2.000000 -1 2.000000 2.000000 2.000000
19 1778523113 1.000000 -1 1.000000 1.000000 1.000000
21 1778523118 1.000000 -1 1.000000 1.000000 1.000000
23 1778523118 1.000000 -1 1.000000 1.000000 1.000000
17 1778523123 1.000000 -1 1.000000 1.000000 1.000000
23 1778523123 1.000000 -1 1.000000 1.000000 1.000000
30 1778523128 1.000000 -1 1.000000 1.000000 1.000000
32 1778523128 1.000000 -1 1.000000 1.000000 1.000000
34 1778523128 1.000000 -1 1.000000 1.000000 1.000000
17 1778523128 1.000000 -1 1.000000 1.000000 1.000000
23 1778523128 1.000000 -1 1.000000 1.000000 1.000000
37 1778523133 1.000000 -1 1.000000 1.000000 1.000000
14 1778523133 1.000000 -1 1.000000 1.000000 1.000000
39 1778523133 1.000000 -1 1.000000 1.000000 1.000000
23 1778523133 1.000000 -1 1.000000 1.000000 1.000000
37 1778523138 2.000000 -1 2.000000 2.000000 2.000000
41 1778523138 1.000000 -1 1.000000 1.000000 1.000000
43 1778523138 1.000000 -1 1.000000 1.000000 1.000000
45 1778523138 1.000000 -1 1.000000 1.000000 1.000000
32 1778523138 1.000000 -1 1.000000 1.000000 1.000000
19 1778523138 1.000000 -1 1.000000 1.000000 1.000000
30 1778523143 1.000000 -1 1.000000 1.000000 1.000000
37 1778523143 1.000000 -1 1.000000 1.000000 1.000000
17 1778523143 1.000000 -1 1.000000 1.000000 1.000000
47 1778523148 1.000000 -1 1.000000 1.000000 1.000000
49 1778523148 1.000000 -1 1.000000 1.000000 1.000000
39 1778523148 1.000000 -1 1.000000 1.000000 1.000000
41 1778523153 1.000000 -1 1.000000 1.000000 1.000000
43 1778523153 1.000000 -1 1.000000 1.000000 1.000000
23 1778523153 1.000000 -1 1.000000 1.000000 1.000000
52 1778523158 1.000000 -1 1.000000 1.000000 1.000000
37 1778523158 1.000000 -1 1.000000 1.000000 1.000000
54 1778523168 1.000000 -1 1.000000 1.000000 1.000000
49 1778523168 1.000000 -1 1.000000 1.000000 1.000000
56 1778523168 1.000000 -1 1.000000 1.000000 1.000000
58 1778523173 1.000000 -1 1.000000 1.000000 1.000000
60 1778523188 1.000000 -1 1.000000 1.000000 1.000000
39 1778523183 1.000000 -1 1.000000 1.000000 1.000000
43 1778523198 1.000000 -1 1.000000 1.000000 1.000000
45 1778523198 1.000000 -1 1.000000 1.000000 1.000000
49 1778523203 1.000000 -1 1.000000 1.000000 1.000000
39 1778523203 1.000000 -1 1.000000 1.000000 1.000000
23 1778523203 1.000000 -1 1.000000 1.000000 1.000000
47 1778523208 1.000000 -1 1.000000 1.000000 1.000000
23 1778523208 2.000000 -1 2.000000 2.000000 2.000000
37 1778523213 1.000000 -1 1.000000 1.000000 1.000000
43 1778523213 1.000000 -1 1.000000 1.000000 1.000000
37 1778523218 2.000000 -1 2.000000 2.000000 2.000000
23 1778523213 1.000000 -1 1.000000 1.000000 1.000000
52 1778523223 1.000000 -1 1.000000 1.000000 1.000000
49 1778523223 1.000000 -1 1.000000 1.000000 1.000000
37 1778523228 1.000000 -1 1.000000 1.000000 1.000000
54 1778523233 1.000000 -1 1.000000 1.000000 1.000000
56 1778523233 1.000000 -1 1.000000 1.000000 1.000000
19 1778523233 1.000000 -1 1.000000 1.000000 1.000000
30 1778523238 1.000000 -1 1.000000 1.000000 1.000000
58 1778523238 1.000000 -1 1.000000 1.000000 1.000000
23 1778523238 1.000000 -1 1.000000 1.000000 1.000000
39 1778523243 1.000000 -1 1.000000 1.000000 1.000000
37 1778523248 1.000000 -1 1.000000 1.000000 1.000000
43 1778523248 1.000000 -1 1.000000 1.000000 1.000000
19 1778523248 1.000000 -1 1.000000 1.000000 1.000000
30 1778523253 1.000000 -1 1.000000 1.000000 1.000000
60 1778523253 1.000000 -1 1.000000 1.000000 1.000000
41 1778523253 1.000000 -1 1.000000 1.000000 1.000000
41 1778523258 1.000000 -1 1.000000 1.000000 1.000000
49 1778523258 1.000000 -1 1.000000 1.000000 1.000000
45 1778523268 1.000000 -1 1.000000 1.000000 1.000000
39 1778523268 1.000000 -1 1.000000 1.000000 1.000000
43 1778523278 1.000000 -1 1.000000 1.000000 1.000000
47 1778523278 1.000000 -1 1.000000 1.000000 1.000000
23 1778523288 1.000000 -1 1.000000 1.000000 1.000000
52 1778523293 1.000000 -1 1.000000 1.000000 1.000000
49 1778523293 1.000000 -1 1.000000 1.000000 1.000000
39 1778523293 1.000000 -1 1.000000 1.000000 1.000000
23 1778523293 1.000000 -1 1.000000 1.000000 1.000000
43 1778523298 1.000000 -1 1.000000 1.000000 1.000000
23 1778523298 1.000000 -1 1.000000 1.000000 1.000000
54 1778523303 1.000000 -1 1.000000 1.000000 1.000000
37 1778523303 3.000000 -1 3.000000 3.000000 3.000000
23 1778523303 1.000000 -1 1.000000 1.000000 1.000000
56 1778523303 1.000000 -1 1.000000 1.000000 1.000000
49 1778523308 1.000000 -1 1.000000 1.000000 1.000000
37 1778523313 1.000000 -1 1.000000 1.000000 1.000000
58 1778523313 1.000000 -1 1.000000 1.000000 1.000000
60 1778523318 1.000000 -1 1.000000 1.000000 1.000000
23 1778523323 1.000000 -1 1.000000 1.000000 1.000000
37 1778523333 1.000000 -1 1.000000 1.000000 1.000000
45 1778523333 1.000000 -1 1.000000 1.000000 1.000000
39 1778523333 1.000000 -1 1.000000 1.000000 1.000000
47 1778523343 1.000000 -1 1.000000 1.000000 1.000000
43 1778523348 1.000000 -1 1.000000 1.000000 1.000000
39 1778523348 1.000000 -1 1.000000 1.000000 1.000000
19 1778523348 1.000000 -1 1.000000 1.000000 1.000000
52 1778523353 1.000000 -1 1.000000 1.000000 1.000000
49 1778523353 1.000000 -1 1.000000 1.000000 1.000000
19 1778523353 1.000000 -1 1.000000 1.000000 1.000000
43 1778523358 1.000000 -1 1.000000 1.000000 1.000000
54 1778523363 1.000000 -1 1.000000 1.000000 1.000000
30 1778523363 2.000000 -1 2.000000 2.000000 2.000000
56 1778523363 1.000000 -1 1.000000 1.000000 1.000000
49 1778523368 1.000000 -1 1.000000 1.000000 1.000000
41 1778523373 2.000000 -1 2.000000 2.000000 2.000000
58 1778523373 1.000000 -1 1.000000 1.000000 1.000000
23 1778523373 1.000000 -1 1.000000 1.000000 1.000000
60 1778523383 1.000000 -1 1.000000 1.000000 1.000000
23 1778523383 3.000000 -1 3.000000 3.000000 3.000000
37 1778523388 1.000000 -1 1.000000 1.000000 1.000000
37 1778523393 3.000000 -1 3.000000 3.000000 3.000000
45 1778523393 1.000000 -1 1.000000 1.000000 1.000000
39 1778523393 1.000000 -1 1.000000 1.000000 1.000000
43 1778523403 1.000000 -1 1.000000 1.000000 1.000000
23 1778523403 1.000000 -1 1.000000 1.000000 1.000000
47 1778523408 1.000000 -1 1.000000 1.000000 1.000000
49 1778523408 1.000000 -1 1.000000 1.000000 1.000000
39 1778523408 1.000000 -1 1.000000 1.000000 1.000000
37 1778523418 1.000000 -1 1.000000 1.000000 1.000000
43 1778523418 1.000000 -1 1.000000 1.000000 1.000000
52 1778523418 1.000000 -1 1.000000 1.000000 1.000000
49 1778523428 1.000000 -1 1.000000 1.000000 1.000000
39 1778523448 1.000000 -1 1.000000 1.000000 1.000000
43 1778523458 1.000000 -1 1.000000 1.000000 1.000000
23 1778523458 1.000000 -1 1.000000 1.000000 1.000000
23 1778523463 2.000000 -1 2.000000 2.000000 2.000000
19 1778523463 1.000000 -1 1.000000 1.000000 1.000000
37 1778523468 1.000000 -1 1.000000 1.000000 1.000000
49 1778523468 1.000000 -1 1.000000 1.000000 1.000000
19 1778523468 1.000000 -1 1.000000 1.000000 1.000000
37 1778523473 2.000000 -1 2.000000 2.000000 2.000000
39 1778523473 1.000000 -1 1.000000 1.000000 1.000000
23 1778523473 1.000000 -1 1.000000 1.000000 1.000000
30 1778523478 2.000000 -1 2.000000 2.000000 2.000000
37 1778523478 1.000000 -1 1.000000 1.000000 1.000000
43 1778523483 1.000000 -1 1.000000 1.000000 1.000000
41 1778523488 1.000000 -1 1.000000 1.000000 1.000000
41 1778523493 1.000000 -1 1.000000 1.000000 1.000000
49 1778523493 1.000000 -1 1.000000 1.000000 1.000000
23 1778523493 1.000000 -1 1.000000 1.000000 1.000000
37 1778523503 1.000000 -1 1.000000 1.000000 1.000000
39 1778523508 1.000000 -1 1.000000 1.000000 1.000000
43 1778523523 1.000000 -1 1.000000 1.000000 1.000000
49 1778523528 1.000000 -1 1.000000 1.000000 1.000000
39 1778523533 1.000000 -1 1.000000 1.000000 1.000000
43 1778523548 1.000000 -1 1.000000 1.000000 1.000000
45 1778523548 1.000000 -1 1.000000 1.000000 1.000000
23 1778523548 1.000000 -1 1.000000 1.000000 1.000000
49 1778523553 1.000000 -1 1.000000 1.000000 1.000000
23 1778523553 2.000000 -1 2.000000 2.000000 2.000000
37 1778523558 2.000000 -1 2.000000 2.000000 2.000000
23 1778523558 1.000000 -1 1.000000 1.000000 1.000000
37 1778523563 1.000000 -1 1.000000 1.000000 1.000000
47 1778523563 1.000000 -1 1.000000 1.000000 1.000000
39 1778523563 1.000000 -1 1.000000 1.000000 1.000000
37 1778523573 1.000000 -1 1.000000 1.000000 1.000000
43 1778523573 1.000000 -1 1.000000 1.000000 1.000000
52 1778523573 1.000000 -1 1.000000 1.000000 1.000000
49 1778523578 1.000000 -1 1.000000 1.000000 1.000000
23 1778523578 1.000000 -1 1.000000 1.000000 1.000000
19 1778523583 2.000000 -1 2.000000 2.000000 2.000000
30 1778523593 1.000000 -1 1.000000 1.000000 1.000000
37 1778523593 1.000000 -1 1.000000 1.000000 1.000000
30 1778523598 1.000000 -1 1.000000 1.000000 1.000000
39 1778523598 1.000000 -1 1.000000 1.000000 1.000000
41 1778523603 2.000000 -1 2.000000 2.000000 2.000000
43 1778523608 1.000000 -1 1.000000 1.000000 1.000000
49 1778523623 1.000000 -1 1.000000 1.000000 1.000000
39 1778523623 1.000000 -1 1.000000 1.000000 1.000000
43 1778523633 1.000000 -1 1.000000 1.000000 1.000000
23 1778523633 1.000000 -1 1.000000 1.000000 1.000000
23 1778523638 2.000000 -1 2.000000 2.000000 2.000000
37 1778523643 2.000000 -1 2.000000 2.000000 2.000000
49 1778523643 1.000000 -1 1.000000 1.000000 1.000000
23 1778523643 1.000000 -1 1.000000 1.000000 1.000000
37 1778523648 1.000000 -1 1.000000 1.000000 1.000000
37 1778523653 1.000000 -1 1.000000 1.000000 1.000000
39 1778523658 1.000000 -1 1.000000 1.000000 1.000000
23 1778523668 1.000000 -1 1.000000 1.000000 1.000000
43 1778523673 1.000000 -1 1.000000 1.000000 1.000000
49 1778523678 1.000000 -1 1.000000 1.000000 1.000000
39 1778523678 1.000000 -1 1.000000 1.000000 1.000000
37 1778523683 1.000000 -1 1.000000 1.000000 1.000000
43 1778523688 1.000000 -1 1.000000 1.000000 1.000000
19 1778523698 2.000000 -1 2.000000 2.000000 2.000000
45 1778523703 1.000000 -1 1.000000 1.000000 1.000000
49 1778523703 1.000000 -1 1.000000 1.000000 1.000000
30 1778523713 2.000000 -1 2.000000 2.000000 2.000000
39 1778523713 1.000000 -1 1.000000 1.000000 1.000000
23 1778523713 1.000000 -1 1.000000 1.000000 1.000000
41 1778523718 1.000000 -1 1.000000 1.000000 1.000000
47 1778523718 1.000000 -1 1.000000 1.000000 1.000000
23 1778523718 1.000000 -1 1.000000 1.000000 1.000000
37 1778523723 1.000000 -1 1.000000 1.000000 1.000000
41 1778523723 1.000000 -1 1.000000 1.000000 1.000000
43 1778523723 1.000000 -1 1.000000 1.000000 1.000000
52 1778523723 1.000000 -1 1.000000 1.000000 1.000000
23 1778523723 1.000000 -1 1.000000 1.000000 1.000000
37 1778523728 1.000000 -1 1.000000 1.000000 1.000000
49 1778523728 1.000000 -1 1.000000 1.000000 1.000000
37 1778523733 1.000000 -1 1.000000 1.000000 1.000000
23 1778523733 1.000000 -1 1.000000 1.000000 1.000000
37 1778523738 1.000000 -1 1.000000 1.000000 1.000000
39 1778523748 1.000000 -1 1.000000 1.000000 1.000000
43 1778523763 1.000000 -1 1.000000 1.000000 1.000000
23 1778523763 1.000000 -1 1.000000 1.000000 1.000000
37 1778523768 1.000000 -1 1.000000 1.000000 1.000000
49 1778523768 1.000000 -1 1.000000 1.000000 1.000000
39 1778523773 1.000000 -1 1.000000 1.000000 1.000000
43 1778523783 1.000000 -1 1.000000 1.000000 1.000000
49 1778523793 1.000000 -1 1.000000 1.000000 1.000000
23 1778523803 2.000000 -1 2.000000 2.000000 2.000000
23 1778523808 1.000000 -1 1.000000 1.000000 1.000000
37 1778523813 2.000000 -1 2.000000 2.000000 2.000000
39 1778523813 1.000000 -1 1.000000 1.000000 1.000000
19 1778523813 1.000000 -1 1.000000 1.000000 1.000000
23 1778523818 1.000000 -1 1.000000 1.000000 1.000000
19 1778523818 1.000000 -1 1.000000 1.000000 1.000000
37 1778523823 1.000000 -1 1.000000 1.000000 1.000000
43 1778523823 1.000000 -1 1.000000 1.000000 1.000000
30 1778523828 2.000000 -1 2.000000 2.000000 2.000000
37 1778523828 1.000000 -1 1.000000 1.000000 1.000000
41 1778523833 1.000000 -1 1.000000 1.000000 1.000000
49 1778523833 1.000000 -1 1.000000 1.000000 1.000000
39 1778523833 1.000000 -1 1.000000 1.000000 1.000000
41 1778523843 1.000000 -1 1.000000 1.000000 1.000000
23 1778523843 1.000000 -1 1.000000 1.000000 1.000000
43 1778523848 1.000000 -1 1.000000 1.000000 1.000000
37 1778523853 1.000000 -1 1.000000 1.000000 1.000000
49 1778523858 1.000000 -1 1.000000 1.000000 1.000000
45 1778523863 1.000000 -1 1.000000 1.000000 1.000000
47 1778523868 1.000000 -1 1.000000 1.000000 1.000000
39 1778523873 1.000000 -1 1.000000 1.000000 1.000000
52 1778523878 1.000000 -1 1.000000 1.000000 1.000000
43 1778523883 1.000000 -1 1.000000 1.000000 1.000000
49 1778523888 1.000000 -1 1.000000 1.000000 1.000000
23 1778523888 1.000000 -1 1.000000 1.000000 1.000000
39 1778523893 1.000000 -1 1.000000 1.000000 1.000000
23 1778523893 2.000000 -1 2.000000 2.000000 2.000000
37 1778523898 1.000000 -1 1.000000 1.000000 1.000000
37 1778523903 1.000000 -1 1.000000 1.000000 1.000000
37 1778523908 1.000000 -1 1.000000 1.000000 1.000000
43 1778523908 1.000000 -1 1.000000 1.000000 1.000000
23 1778523908 1.000000 -1 1.000000 1.000000 1.000000
37 1778523913 1.000000 -1 1.000000 1.000000 1.000000
49 1778523913 1.000000 -1 1.000000 1.000000 1.000000
39 1778523928 1.000000 -1 1.000000 1.000000 1.000000
19 1778523928 1.000000 -1 1.000000 1.000000 1.000000
23 1778523933 1.000000 -1 1.000000 1.000000 1.000000
19 1778523933 1.000000 -1 1.000000 1.000000 1.000000
30 1778523938 1.000000 -1 1.000000 1.000000 1.000000
37 1778523938 1.000000 -1 1.000000 1.000000 1.000000
43 1778523938 1.000000 -1 1.000000 1.000000 1.000000
30 1778523943 1.000000 -1 1.000000 1.000000 1.000000
41 1778523948 1.000000 -1 1.000000 1.000000 1.000000
49 1778523948 1.000000 -1 1.000000 1.000000 1.000000
39 1778523953 1.000000 -1 1.000000 1.000000 1.000000
41 1778523958 1.000000 -1 1.000000 1.000000 1.000000
43 1778523963 1.000000 -1 1.000000 1.000000 1.000000
49 1778523973 1.000000 -1 1.000000 1.000000 1.000000
23 1778523973 2.000000 -1 2.000000 2.000000 2.000000
37 1778523978 1.000000 -1 1.000000 1.000000 1.000000
23 1778523978 1.000000 -1 1.000000 1.000000 1.000000
37 1778523983 2.000000 -1 2.000000 2.000000 2.000000
23 1778523988 1.000000 -1 1.000000 1.000000 1.000000
39 1778523993 1.000000 -1 1.000000 1.000000 1.000000
37 1778524003 1.000000 -1 1.000000 1.000000 1.000000
43 1778524003 1.000000 -1 1.000000 1.000000 1.000000
49 1778524008 1.000000 -1 1.000000 1.000000 1.000000
23 1778524013 1.000000 -1 1.000000 1.000000 1.000000
45 1778524018 1.000000 -1 1.000000 1.000000 1.000000
39 1778524018 1.000000 -1 1.000000 1.000000 1.000000
37 1778524023 1.000000 -1 1.000000 1.000000 1.000000
43 1778524028 1.000000 -1 1.000000 1.000000 1.000000
47 1778524028 1.000000 -1 1.000000 1.000000 1.000000
52 1778524038 1.000000 -1 1.000000 1.000000 1.000000
49 1778524043 1.000000 -1 1.000000 1.000000 1.000000
39 1778524043 1.000000 -1 1.000000 1.000000 1.000000
19 1778524043 1.000000 -1 1.000000 1.000000 1.000000
30 1778524053 1.000000 -1 1.000000 1.000000 1.000000
65 1778524053 1.000000 -1 1.000000 1.000000 1.000000
43 1778524058 1.000000 -1 1.000000 1.000000 1.000000
41 1778524063 1.000000 -1 1.000000 1.000000 1.000000
49 1778524068 1.000000 -1 1.000000 1.000000 1.000000
65 1778524083 1.000000 -1 1.000000 1.000000 1.000000
67 1778524168 1.000000 -1 1.000000 1.000000 1.000000
