5 1778523098 49.099172 1 49.099172 49.099172 49.099172
6 1778523098 77.407109 1 77.407109 77.407109 77.407109
7 1778523098 80.372637 1 80.372637 80.372637 80.372637
5 1778523103 52.509776 1 52.509776 52.509776 52.509776
6 1778523103 76.498146 1 76.498146 76.498146 76.498146
7 1778523103 100.000000 1 100.000000 100.000000 100.000000
5 1778523108 80.268814 1 80.268814 80.268814 80.268814
6 1778523108 76.893185 1 76.893185 76.893185 76.893185
7 1778523108 100.000000 1 100.000000 100.000000 100.000000
5 1778523113 90.788074 1 90.788074 90.788074 90.788074
6 1778523113 77.471371 1 77.471371 77.471371 77.471371
7 1778523113 100.000000 1 100.000000 100.000000 100.000000
5 1778523118 90.852612 1 90.852612 90.852612 90.852612
6 1778523118 77.719073 1 77.719073 77.719073 77.719073
7 1778523118 83.584290 1 83.584290 83.584290 83.584290
5 1778523123 56.187592 1 56.187592 56.187592 56.187592
6 1778523123 78.136999 1 78.136999 78.136999 78.136999
7 1778523123 100.000000 1 100.000000 100.000000 100.000000
5 1778523128 38.527639 1 38.527639 38.527639 38.527639
6 1778523128 77.838192 1 77.838192 77.838192 77.838192
7 1778523128 50.094109 1 50.094109 50.094109 50.094109
5 1778523133 15.190765 1 15.190765 15.190765 15.190765
6 1778523133 77.736772 1 77.736772 77.736772 77.736772
7 1778523133 22.003937 1 22.003937 22.003937 22.003937
5 1778523138 33.850622 1 33.850622 33.850622 33.850622
6 1778523138 77.748054 1 77.748054 77.748054 77.748054
7 1778523138 19.305969 1 19.305969 19.305969 19.305969
5 1778523143 33.799642 1 33.799642 33.799642 33.799642
6 1778523143 78.099080 1 78.099080 78.099080 78.099080
7 1778523143 24.064248 1 24.064248 24.064248 24.064248
5 1778523148 42.606639 1 42.606639 42.606639 42.606639
6 1778523148 78.681926 1 78.681926 78.681926 78.681926
7 1778523148 13.760158 1 13.760158 13.760158 13.760158
5 1778523153 31.515195 1 31.515195 31.515195 31.515195
6 1778523153 79.256742 1 79.256742 79.256742 79.256742
7 1778523153 11.065069 1 11.065069 11.065069 11.065069
5 1778523158 10.653134 1 10.653134 10.653134 10.653134
6 1778523158 79.237050 1 79.237050 79.237050 79.237050
7 1778523158 31.581489 1 31.581489 31.581489 31.581489
5 1778523163 16.735615 1 16.735615 16.735615 16.735615
6 1778523163 76.628282 1 76.628282 76.628282 76.628282
7 1778523163 28.259460 1 28.259460 28.259460 28.259460
5 1778523168 11.378657 1 11.378657 11.378657 11.378657
6 1778523168 76.666230 1 76.666230 76.666230 76.666230
7 1778523168 32.246405 1 32.246405 32.246405 32.246405
5 1778523173 13.442196 1 13.442196 13.442196 13.442196
6 1778523173 76.619931 1 76.619931 76.619931 76.619931
7 1778523173 22.428678 1 22.428678 22.428678 22.428678
5 1778523178 19.104577 1 19.104577 19.104577 19.104577
6 1778523178 76.631535 1 76.631535 76.631535 76.631535
7 1778523178 3.709920 1 3.709920 3.709920 3.709920
5 1778523183 4.972702 1 4.972702 4.972702 4.972702
6 1778523183 76.658113 1 76.658113 76.658113 76.658113
7 1778523183 4.229438 1 4.229438 4.229438 4.229438
5 1778523188 2.981632 1 2.981632 2.981632 2.981632
6 1778523188 76.663417 1 76.663417 76.663417 76.663417
7 1778523188 3.078650 1 3.078650 3.078650 3.078650
5 1778523193 5.997389 1 5.997389 5.997389 5.997389
6 1778523193 76.648970 1 76.648970 76.648970 76.648970
7 1778523193 10.321677 1 10.321677 10.321677 10.321677
5 1778523198 15.824891 1 15.824891 15.824891 15.824891
6 1778523198 76.666582 1 76.666582 76.666582 76.666582
7 1778523198 48.295346 1 48.295346 48.295346 48.295346
5 1778523203 12.495871 1 12.495871 12.495871 12.495871
6 1778523203 76.650406 1 76.650406 76.650406 76.650406
7 1778523203 3.414731 1 3.414731 3.414731 3.414731
5 1778523208 6.789786 1 6.789786 6.789786 6.789786
6 1778523208 76.668838 1 76.668838 76.668838 76.668838
7 1778523208 6.599500 1 6.599500 6.599500 6.599500
5 1778523213 8.374266 1 8.374266 8.374266 8.374266
6 1778523213 76.667666 1 76.667666 76.667666 76.667666
7 1778523213 4.827758 1 4.827758 4.827758 4.827758
5 1778523218 16.605679 1 16.605679 16.605679 16.605679
6 1778523218 76.649146 1 76.649146 76.649146 76.649146
7 1778523218 30.811636 1 30.811636 30.811636 30.811636
5 1778523223 7.775957 1 7.775957 7.775957 7.775957
6 1778523223 76.583712 1 76.583712 76.583712 76.583712
7 1778523223 16.601419 1 16.601419 16.601419 16.601419
5 1778523228 5.291585 1 5.291585 5.291585 5.291585
6 1778523228 76.622275 1 76.622275 76.622275 76.622275
7 1778523228 4.420243 1 4.420243 4.420243 4.420243
5 1778523233 6.614617 1 6.614617 6.614617 6.614617
6 1778523233 76.542599 1 76.542599 76.542599 76.542599
7 1778523233 5.554479 1 5.554479 5.554479 5.554479
5 1778523238 7.014554 1 7.014554 7.014554 7.014554
6 1778523238 76.543126 1 76.543126 76.543126 76.543126
7 1778523238 37.616201 1 37.616201 37.616201 37.616201
5 1778523243 35.867302 1 35.867302 35.867302 35.867302
6 1778523243 77.659792 1 77.659792 77.659792 77.659792
7 1778523243 5.473437 1 5.473437 5.473437 5.473437
5 1778523249 57.064849 1 57.064849 57.064849 57.064849
6 1778523249 78.358621 1 78.358621 78.358621 78.358621
7 1778523249 20.164661 1 20.164661 20.164661 20.164661
5 1778523253 44.419584 1 44.419584 44.419584 44.419584
6 1778523253 78.063828 1 78.063828 78.063828 78.063828
7 1778523253 12.374655 1 12.374655 12.374655 12.374655
5 1778523258 42.876768 1 42.876768 42.876768 42.876768
6 1778523258 78.852618 1 78.852618 78.852618 78.852618
7 1778523258 100.000000 1 100.000000 100.000000 100.000000
5 1778523263 15.287490 1 15.287490 15.287490 15.287490
6 1778523263 78.427806 1 78.427806 78.427806 78.427806
7 1778523263 9.855162 1 9.855162 9.855162 9.855162
5 1778523268 13.262276 1 13.262276 13.262276 13.262276
6 1778523268 76.645764 1 76.645764 76.645764 76.645764
7 1778523268 16.157839 1 16.157839 16.157839 16.157839
5 1778523273 10.988869 1 10.988869 10.988869 10.988869
6 1778523273 76.613763 1 76.613763 76.613763 76.613763
7 1778523273 5.381880 1 5.381880 5.381880 5.381880
5 1778523278 8.280148 1 8.280148 8.280148 8.280148
6 1778523278 76.613998 1 76.613998 76.613998 76.613998
7 1778523278 7.530332 1 7.530332 7.530332 7.530332
5 1778523283 9.342097 1 9.342097 9.342097 9.342097
6 1778523283 76.627419 1 76.627419 76.627419 76.627419
7 1778523283 22.605964 1 22.605964 22.605964 22.605964
5 1778523288 9.010702 1 9.010702 9.010702 9.010702
6 1778523288 76.640635 1 76.640635 76.640635 76.640635
7 1778523288 5.502704 1 5.502704 5.502704 5.502704
5 1778523293 10.268133 1 10.268133 10.268133 10.268133
6 1778523293 76.618569 1 76.618569 76.618569 76.618569
7 1778523293 14.243600 1 14.243600 14.243600 14.243600
5 1778523298 6.704112 1 6.704112 6.704112 6.704112
6 1778523298 76.628064 1 76.628064 76.628064 76.628064
7 1778523298 2.908937 1 2.908937 2.908937 2.908937
5 1778523303 6.125472 1 6.125472 6.125472 6.125472
6 1778523303 76.624723 1 76.624723 76.624723 76.624723
7 1778523303 6.428429 1 6.428429 6.428429 6.428429
5 1778523308 30.306271 1 30.306271 30.306271 30.306271
6 1778523308 78.102228 1 78.102228 78.102228 78.102228
7 1778523308 100.000000 1 100.000000 100.000000 100.000000
5 1778523313 5.588113 1 5.588113 5.588113 5.588113
6 1778523313 78.099737 1 78.099737 78.099737 78.099737
7 1778523313 4.930184 1 4.930184 4.930184 4.930184
5 1778523318 6.617476 1 6.617476 6.617476 6.617476
6 1778523318 78.080073 1 78.080073 78.080073 78.080073
7 1778523318 4.791741 1 4.791741 4.791741 4.791741
5 1778523323 7.519145 1 7.519145 7.519145 7.519145
6 1778523323 78.059209 1 78.059209 78.059209 78.059209
7 1778523323 9.542064 1 9.542064 9.542064 9.542064
5 1778523328 9.234246 1 9.234246 9.234246 9.234246
6 1778523328 78.086110 1 78.086110 78.086110 78.086110
7 1778523328 64.926220 1 64.926220 64.926220 64.926220
5 1778523333 12.378681 1 12.378681 12.378681 12.378681
6 1778523333 78.192456 1 78.192456 78.192456 78.192456
7 1778523333 43.621649 1 43.621649 43.621649 43.621649
5 1778523338 11.391216 1 11.391216 11.391216 11.391216
6 1778523338 77.667964 1 77.667964 77.667964 77.667964
7 1778523338 13.442454 1 13.442454 13.442454 13.442454
5 1778523343 6.632914 1 6.632914 6.632914 6.632914
6 1778523343 77.666294 1 77.666294 77.666294 77.666294
7 1778523343 2.326906 1 2.326906 2.326906 2.326906
5 1778523348 10.763890 1 10.763890 10.763890 10.763890
6 1778523348 77.661957 1 77.661957 77.661957 77.661957
7 1778523348 7.018793 1 7.018793 7.018793 7.018793
5 1778523353 17.400463 1 17.400463 17.400463 17.400463
6 1778523353 77.725459 1 77.725459 77.725459 77.725459
7 1778523353 19.481735 1 19.481735 19.481735 19.481735
5 1778523358 14.184958 1 14.184958 14.184958 14.184958
6 1778523358 77.722763 1 77.722763 77.722763 77.722763
7 1778523358 9.834527 1 9.834527 9.834527 9.834527
5 1778523363 8.698217 1 8.698217 8.698217 8.698217
6 1778523363 77.715965 1 77.715965 77.715965 77.715965
7 1778523363 5.757773 1 5.757773 5.757773 5.757773
5 1778523368 16.823710 1 16.823710 16.823710 16.823710
6 1778523368 77.733372 1 77.733372 77.733372 77.733372
7 1778523368 7.142854 1 7.142854 7.142854 7.142854
5 1778523373 8.305482 1 8.305482 8.305482 8.305482
6 1778523373 77.732580 1 77.732580 77.732580 77.732580
7 1778523373 1.982419 1 1.982419 1.982419 1.982419
5 1778523378 17.528811 1 17.528811 17.528811 17.528811
6 1778523378 77.781431 1 77.781431 77.781431 77.781431
7 1778523378 79.744122 1 79.744122 79.744122 79.744122
5 1778523383 9.341545 1 9.341545 9.341545 9.341545
6 1778523383 77.758691 1 77.758691 77.758691 77.758691
7 1778523383 9.299091 1 9.299091 9.299091 9.299091
5 1778523388 45.326629 1 45.326629 45.326629 45.326629
6 1778523388 78.891164 1 78.891164 78.891164 78.891164
7 1778523388 83.879303 1 83.879303 83.879303 83.879303
5 1778523393 16.372202 1 16.372202 16.372202 16.372202
6 1778523393 78.340444 1 78.340444 78.340444 78.340444
7 1778523393 10.506594 1 10.506594 10.506594 10.506594
5 1778523398 9.552305 1 9.552305 9.552305 9.552305
6 1778523398 78.121334 1 78.121334 78.121334 78.121334
7 1778523398 5.395320 1 5.395320 5.395320 5.395320
5 1778523403 5.257831 1 5.257831 5.257831 5.257831
6 1778523403 78.125613 1 78.125613 78.125613 78.125613
7 1778523403 3.192768 1 3.192768 3.192768 3.192768
5 1778523408 5.024422 1 5.024422 5.024422 5.024422
6 1778523408 78.114565 1 78.114565 78.114565 78.114565
7 1778523408 2.842783 1 2.842783 2.842783 2.842783
5 1778523413 8.012868 1 8.012868 8.012868 8.012868
6 1778523413 78.129276 1 78.129276 78.129276 78.129276
7 1778523413 4.145463 1 4.145463 4.145463 4.145463
5 1778523418 12.731084 1 12.731084 12.731084 12.731084
6 1778523418 78.141261 1 78.141261 78.141261 78.141261
7 1778523418 19.445032 1 19.445032 19.445032 19.445032
5 1778523423 7.027896 1 7.027896 7.027896 7.027896
6 1778523423 78.127723 1 78.127723 78.127723 78.127723
7 1778523423 3.752734 1 3.752734 3.752734 3.752734
5 1778523428 10.043844 1 10.043844 10.043844 10.043844
6 1778523428 78.120631 1 78.120631 78.120631 78.120631
7 1778523428 7.401004 1 7.401004 7.401004 7.401004
5 1778523433 10.045349 1 10.045349 10.045349 10.045349
6 1778523433 78.124968 1 78.124968 78.124968 78.124968
7 1778523433 2.407087 1 2.407087 2.407087 2.407087
5 1778523438 9.750594 1 9.750594 9.750594 9.750594
6 1778523438 78.127517 1 78.127517 78.127517 78.127517
7 1778523438 2.035855 1 2.035855 2.035855 2.035855
5 1778523444 11.931452 1 11.931452 11.931452 11.931452
6 1778523444 78.128953 1 78.128953 78.128953 78.128953
7 1778523444 2.306198 1 2.306198 2.306198 2.306198
5 1778523448 32.059112 1 32.059112 32.059112 32.059112
6 1778523448 78.558294 1 78.558294 78.558294 78.558294
7 1778523448 8.131557 1 8.131557 8.131557 8.131557
5 1778523453 28.273969 1 28.273969 28.273969 28.273969
6 1778523453 78.628302 1 78.628302 78.628302 78.628302
7 1778523453 14.719040 1 14.719040 14.719040 14.719040
5 1778523458 9.605030 1 9.605030 9.605030 9.605030
6 1778523458 78.630647 1 78.630647 78.630647 78.630647
7 1778523458 9.634197 1 9.634197 9.634197 9.634197
5 1778523463 21.752933 1 21.752933 21.752933 21.752933
6 1778523463 78.032424 1 78.032424 78.032424 78.032424
7 1778523463 9.004705 1 9.004705 9.004705 9.004705
5 1778523468 6.361107 1 6.361107 6.361107 6.361107
6 1778523468 78.017098 1 78.017098 78.017098 78.017098
7 1778523468 3.888108 1 3.888108 3.888108 3.888108
5 1778523473 8.991270 1 8.991270 8.991270 8.991270
6 1778523473 78.015516 1 78.015516 78.015516 78.015516
7 1778523473 5.663332 1 5.663332 5.663332 5.663332
5 1778523478 24.431155 1 24.431155 24.431155 24.431155
6 1778523478 78.009332 1 78.009332 78.009332 78.009332
7 1778523478 11.552172 1 11.552172 11.552172 11.552172
5 1778523483 7.495227 1 7.495227 7.495227 7.495227
6 1778523483 78.014695 1 78.014695 78.014695 78.014695
7 1778523483 3.275905 1 3.275905 3.275905 3.275905
5 1778523488 16.529767 1 16.529767 16.529767 16.529767
6 1778523488 77.814809 1 77.814809 77.814809 77.814809
7 1778523488 8.053496 1 8.053496 8.053496 8.053496
5 1778523493 8.751779 1 8.751779 8.751779 8.751779
6 1778523493 77.819175 1 77.819175 77.819175 77.819175
7 1778523493 2.172747 1 2.172747 2.172747 2.172747
5 1778523498 7.790533 1 7.790533 7.790533 7.790533
6 1778523498 77.770237 1 77.770237 77.770237 77.770237
7 1778523498 10.391607 1 10.391607 10.391607 10.391607
5 1778523503 6.211492 1 6.211492 6.211492 6.211492
6 1778523503 77.776303 1 77.776303 77.776303 77.776303
7 1778523503 2.387490 1 2.387490 2.387490 2.387490
5 1778523508 5.255354 1 5.255354 5.255354 5.255354
6 1778523508 77.769944 1 77.769944 77.769944 77.769944
7 1778523508 1.411166 1 1.411166 1.411166 1.411166
5 1778523513 9.978996 1 9.978996 9.978996 9.978996
6 1778523513 77.766456 1 77.766456 77.766456 77.766456
7 1778523513 14.402594 1 14.402594 14.402594 14.402594
5 1778523518 32.625902 1 32.625902 32.625902 32.625902
6 1778523518 78.168485 1 78.168485 78.168485 78.168485
7 1778523518 100.000000 1 100.000000 100.000000 100.000000
5 1778523523 10.947372 1 10.947372 10.947372 10.947372
6 1778523523 78.220061 1 78.220061 78.220061 78.220061
7 1778523523 35.350632 1 35.350632 35.350632 35.350632
5 1778523528 5.883709 1 5.883709 5.883709 5.883709
6 1778523528 78.221731 1 78.221731 78.221731 78.221731
7 1778523528 2.268424 1 2.268424 2.268424 2.268424
5 1778523533 17.913759 1 17.913759 17.913759 17.913759
6 1778523533 78.153071 1 78.153071 78.153071 78.153071
7 1778523533 5.829049 1 5.829049 5.829049 5.829049
5 1778523538 11.259819 1 11.259819 11.259819 11.259819
6 1778523538 78.169188 1 78.169188 78.169188 78.169188
7 1778523538 16.849917 1 16.849917 16.849917 16.849917
5 1778523543 11.961476 1 11.961476 11.961476 11.961476
6 1778523543 78.160866 1 78.160866 78.160866 78.160866
7 1778523543 9.008300 1 9.008300 9.008300 9.008300
5 1778523548 11.751763 1 11.751763 11.751763 11.751763
6 1778523548 78.223900 1 78.223900 78.223900 78.223900
7 1778523548 42.048951 1 42.048951 42.048951 42.048951
5 1778523553 7.114470 1 7.114470 7.114470 7.114470
6 1778523553 77.746383 1 77.746383 77.746383 77.746383
7 1778523553 16.241457 1 16.241457 16.241457 16.241457
5 1778523558 9.371364 1 9.371364 9.371364 9.371364
6 1778523558 77.933170 1 77.933170 77.933170 77.933170
7 1778523558 10.867354 1 10.867354 10.867354 10.867354
5 1778523563 7.452556 1 7.452556 7.452556 7.452556
6 1778523563 77.921536 1 77.921536 77.921536 77.921536
7 1778523563 7.526377 1 7.526377 7.526377 7.526377
5 1778523568 6.369561 1 6.369561 6.369561 6.369561
6 1778523568 77.761709 1 77.761709 77.761709 77.761709
7 1778523568 8.557567 1 8.557567 8.557567 8.557567
5 1778523573 4.846763 1 4.846763 4.846763 4.846763
6 1778523573 77.761211 1 77.761211 77.761211 77.761211
7 1778523573 2.177677 1 2.177677 2.177677 2.177677
5 1778523578 10.501126 1 10.501126 10.501126 10.501126
6 1778523578 77.747233 1 77.747233 77.747233 77.747233
7 1778523578 2.032255 1 2.032255 2.032255 2.032255
5 1778523583 16.732999 1 16.732999 16.732999 16.732999
6 1778523583 77.720888 1 77.720888 77.720888 77.720888
7 1778523583 44.838041 1 44.838041 44.838041 44.838041
5 1778523588 6.863465 1 6.863465 6.863465 6.863465
6 1778523588 77.712712 1 77.712712 77.712712 77.712712
7 1778523588 1.834095 1 1.834095 1.834095 1.834095
5 1778523593 8.430248 1 8.430248 8.430248 8.430248
6 1778523593 77.725547 1 77.725547 77.725547 77.725547
7 1778523593 14.862320 1 14.862320 14.862320 14.862320
5 1778523598 6.546681 1 6.546681 6.546681 6.546681
6 1778523598 77.719305 1 77.719305 77.719305 77.719305
7 1778523598 2.896603 1 2.896603 2.896603 2.896603
5 1778523603 7.538984 1 7.538984 7.538984 7.538984
6 1778523603 77.730060 1 77.730060 77.730060 77.730060
7 1778523603 3.173726 1 3.173726 3.173726 3.173726
5 1778523608 6.588927 1 6.588927 6.588927 6.588927
6 1778523608 77.726104 1 77.726104 77.726104 77.726104
7 1778523608 9.698000 1 9.698000 9.698000 9.698000
5 1778523613 5.879233 1 5.879233 5.879233 5.879233
6 1778523613 77.722441 1 77.722441 77.722441 77.722441
7 1778523613 3.339126 1 3.339126 3.339126 3.339126
5 1778523618 6.963827 1 6.963827 6.963827 6.963827
6 1778523618 77.709313 1 77.709313 77.709313 77.709313
7 1778523618 6.104419 1 6.104419 6.104419 6.104419
5 1778523623 5.862574 1 5.862574 5.862574 5.862574
6 1778523623 77.709635 1 77.709635 77.709635 77.709635
7 1778523623 5.747868 1 5.747868 5.747868 5.747868
5 1778523628 4.652219 1 4.652219 4.652219 4.652219
6 1778523628 77.714001 1 77.714001 77.714001 77.714001
7 1778523628 3.694142 1 3.694142 3.694142 3.694142
5 1778523633 9.430139 1 9.430139 9.430139 9.430139
6 1778523633 77.735540 1 77.735540 77.735540 77.735540
7 1778523633 10.177684 1 10.177684 10.177684 10.177684
5 1778523638 6.385878 1 6.385878 6.385878 6.385878
6 1778523638 77.738295 1 77.738295 77.738295 77.738295
7 1778523638 6.391973 1 6.391973 6.391973 6.391973
5 1778523643 7.901253 1 7.901253 7.901253 7.901253
6 1778523643 77.737445 1 77.737445 77.737445 77.737445
7 1778523643 3.344950 1 3.344950 3.344950 3.344950
5 1778523649 10.980216 1 10.980216 10.980216 10.980216
6 1778523649 77.737767 1 77.737767 77.737767 77.737767
7 1778523649 4.296049 1 4.296049 4.296049 4.296049
5 1778523653 11.933377 1 11.933377 11.933377 11.933377
6 1778523653 77.749343 1 77.749343 77.749343 77.749343
7 1778523653 3.671625 1 3.671625 3.671625 3.671625
5 1778523658 9.353890 1 9.353890 9.353890 9.353890
6 1778523658 77.754295 1 77.754295 77.754295 77.754295
7 1778523658 2.992264 1 2.992264 2.992264 2.992264
5 1778523663 6.249898 1 6.249898 6.249898 6.249898
6 1778523663 77.757606 1 77.757606 77.757606 77.757606
7 1778523663 2.668967 1 2.668967 2.668967 2.668967
5 1778523668 6.894085 1 6.894085 6.894085 6.894085
6 1778523668 77.730881 1 77.730881 77.730881 77.730881
7 1778523668 3.077125 1 3.077125 3.077125 3.077125
5 1778523673 5.311636 1 5.311636 5.311636 5.311636
6 1778523673 77.733430 1 77.733430 77.733430 77.733430
7 1778523673 4.714564 1 4.714564 4.714564 4.714564
5 1778523678 6.721111 1 6.721111 6.721111 6.721111
6 1778523678 77.726221 1 77.726221 77.726221 77.726221
7 1778523678 4.632232 1 4.632232 4.632232 4.632232
5 1778523683 10.158162 1 10.158162 10.158162 10.158162
6 1778523683 77.755204 1 77.755204 77.755204 77.755204
7 1778523683 6.521976 1 6.521976 6.521976 6.521976
5 1778523688 7.263149 1 7.263149 7.263149 7.263149
6 1778523688 77.749841 1 77.749841 77.749841 77.749841
7 1778523688 2.749329 1 2.749329 2.749329 2.749329
5 1778523693 8.945743 1 8.945743 8.945743 8.945743
6 1778523693 77.754207 1 77.754207 77.754207 77.754207
7 1778523693 2.022449 1 2.022449 2.022449 2.022449
5 1778523698 10.114472 1 10.114472 10.114472 10.114472
6 1778523698 77.784156 1 77.784156 77.784156 77.784156
7 1778523698 18.868246 1 18.868246 18.868246 18.868246
5 1778523703 31.518776 1 31.518776 31.518776 31.518776
6 1778523703 78.661915 1 78.661915 78.661915 78.661915
7 1778523703 100.000000 1 100.000000 100.000000 100.000000
5 1778523708 34.463749 1 34.463749 34.463749 34.463749
6 1778523708 78.906637 1 78.906637 78.906637 78.906637
7 1778523708 100.000000 1 100.000000 100.000000 100.000000
5 1778523713 35.938260 1 35.938260 35.938260 35.938260
6 1778523713 78.958623 1 78.958623 78.958623 78.958623
7 1778523713 100.000000 1 100.000000 100.000000 100.000000
5 1778523718 27.305219 1 27.305219 27.305219 27.305219
6 1778523718 78.653065 1 78.653065 78.653065 78.653065
7 1778523718 23.708098 1 23.708098 23.708098 23.708098
5 1778523723 30.978511 1 30.978511 30.978511 30.978511
6 1778523723 78.437676 1 78.437676 78.437676 78.437676
7 1778523723 100.000000 1 100.000000 100.000000 100.000000
5 1778523728 79.289985 1 79.289985 79.289985 79.289985
6 1778523728 79.027664 1 79.027664 79.027664 79.027664
7 1778523728 100.000000 1 100.000000 100.000000 100.000000
5 1778523733 76.474910 1 76.474910 76.474910 76.474910
6 1778523733 79.740614 1 79.740614 79.740614 79.740614
7 1778523733 100.000000 1 100.000000 100.000000 100.000000
5 1778523738 28.955258 1 28.955258 28.955258 28.955258
6 1778523738 79.053101 1 79.053101 79.053101 79.053101
7 1778523738 28.775495 1 28.775495 28.775495 28.775495
5 1778523746 14.021340 1 14.021340 14.021340 14.021340
6 1778523746 79.056383 1 79.056383 79.056383 79.056383
7 1778523746 10.193734 1 10.193734 10.193734 10.193734
5 1778523748 20.475596 1 20.475596 20.475596 20.475596
6 1778523748 79.055152 1 79.055152 79.055152 79.055152
7 1778523748 4.528102 1 4.528102 4.528102 4.528102
5 1778523753 20.357799 1 20.357799 20.357799 20.357799
6 1778523753 79.064266 1 79.064266 79.064266 79.064266
7 1778523753 5.703689 1 5.703689 5.703689 5.703689
5 1778523758 11.765976 1 11.765976 11.765976 11.765976
6 1778523758 79.058375 1 79.058375 79.058375 79.058375
7 1778523758 3.142896 1 3.142896 3.142896 3.142896
5 1778523763 18.778476 1 18.778476 18.778476 18.778476
6 1778523763 78.572155 1 78.572155 78.572155 78.572155
7 1778523763 2.794045 1 2.794045 2.794045 2.794045
5 1778523768 17.335427 1 17.335427 17.335427 17.335427
6 1778523768 78.552697 1 78.552697 78.552697 78.552697
7 1778523768 2.828617 1 2.828617 2.828617 2.828617
5 1778523773 14.092683 1 14.092683 14.092683 14.092683
6 1778523773 78.531129 1 78.531129 78.531129 78.531129
7 1778523773 2.068529 1 2.068529 2.068529 2.068529
5 1778523778 18.121695 1 18.121695 18.121695 18.121695
6 1778523778 78.539187 1 78.539187 78.539187 78.539187
7 1778523778 1.345975 1 1.345975 1.345975 1.345975
5 1778523783 10.582855 1 10.582855 10.582855 10.582855
6 1778523783 78.510645 1 78.510645 78.510645 78.510645
7 1778523783 2.347654 1 2.347654 2.347654 2.347654
5 1778523788 13.558217 1 13.558217 13.558217 13.558217
6 1778523788 78.424900 1 78.424900 78.424900 78.424900
7 1778523788 7.892317 1 7.892317 7.892317 7.892317
5 1778523793 11.229089 1 11.229089 11.229089 11.229089
6 1778523793 78.442658 1 78.442658 78.442658 78.442658
7 1778523793 8.565549 1 8.565549 8.565549 8.565549
5 1778523798 15.368063 1 15.368063 15.368063 15.368063
6 1778523798 78.400372 1 78.400372 78.400372 78.400372
7 1778523798 3.085316 1 3.085316 3.085316 3.085316
5 1778523803 9.610247 1 9.610247 9.610247 9.610247
6 1778523803 78.393925 1 78.393925 78.393925 78.393925
7 1778523803 2.113917 1 2.113917 2.113917 2.113917
5 1778523808 7.373701 1 7.373701 7.373701 7.373701
6 1778523808 78.367609 1 78.367609 78.367609 78.367609
7 1778523808 5.447787 1 5.447787 5.447787 5.447787
5 1778523813 10.495133 1 10.495133 10.495133 10.495133
6 1778523813 78.363302 1 78.363302 78.363302 78.363302
7 1778523813 9.429024 1 9.429024 9.429024 9.429024
5 1778523818 12.718903 1 12.718903 12.718903 12.718903
6 1778523818 78.355858 1 78.355858 78.355858 78.355858
7 1778523818 3.253153 1 3.253153 3.253153 3.253153
5 1778523823 11.093174 1 11.093174 11.093174 11.093174
6 1778523823 78.361954 1 78.361954 78.361954 78.361954
7 1778523823 1.552466 1 1.552466 1.552466 1.552466
5 1778523829 11.030093 1 11.030093 11.030093 11.030093
6 1778523829 78.354510 1 78.354510 78.354510 78.354510
7 1778523829 1.399410 1 1.399410 1.399410 1.399410
5 1778523833 15.921100 1 15.921100 15.921100 15.921100
6 1778523833 78.369426 1 78.369426 78.369426 78.369426
7 1778523833 5.599586 1 5.599586 5.599586 5.599586
5 1778523838 12.221296 1 12.221296 12.221296 12.221296
6 1778523838 78.320839 1 78.320839 78.320839 78.320839
7 1778523838 11.759937 1 11.759937 11.759937 11.759937
5 1778523843 12.725366 1 12.725366 12.725366 12.725366
6 1778523843 78.093114 1 78.093114 78.093114 78.093114
7 1778523843 98.850664 1 98.850664 98.850664 98.850664
5 1778523848 12.228165 1 12.228165 12.228165 12.228165
6 1778523848 78.104279 1 78.104279 78.104279 78.104279
7 1778523848 1.826101 1 1.826101 1.826101 1.826101
5 1778523853 39.533950 1 39.533950 39.533950 39.533950
6 1778523853 78.902622 1 78.902622 78.902622 78.902622
7 1778523853 100.000000 1 100.000000 100.000000 100.000000
5 1778523858 42.941712 1 42.941712 42.941712 42.941712
6 1778523858 78.974594 1 78.974594 78.974594 78.974594
7 1778523858 100.000000 1 100.000000 100.000000 100.000000
5 1778523863 46.963695 1 46.963695 46.963695 46.963695
6 1778523863 78.793756 1 78.793756 78.793756 78.793756
7 1778523863 100.000000 1 100.000000 100.000000 100.000000
5 1778523868 22.191114 1 22.191114 22.191114 22.191114
6 1778523868 78.304868 1 78.304868 78.304868 78.304868
7 1778523868 23.808003 1 23.808003 23.808003 23.808003
5 1778523873 11.880337 1 11.880337 11.880337 11.880337
6 1778523873 78.271666 1 78.271666 78.271666 78.271666
7 1778523873 8.821224 1 8.821224 8.821224 8.821224
5 1778523878 8.106763 1 8.106763 8.106763 8.106763
6 1778523878 78.311081 1 78.311081 78.311081 78.311081
7 1778523878 7.046992 1 7.046992 7.046992 7.046992
5 1778523883 12.354657 1 12.354657 12.354657 12.354657
6 1778523883 78.282099 1 78.282099 78.282099 78.282099
7 1778523883 12.359319 1 12.359319 12.359319 12.359319
5 1778523888 7.662666 1 7.662666 7.662666 7.662666
6 1778523888 78.270436 1 78.270436 78.270436 78.270436
7 1778523888 2.618101 1 2.618101 2.618101 2.618101
5 1778523894 11.965654 1 11.965654 11.965654 11.965654
6 1778523894 78.285439 1 78.285439 78.285439 78.285439
7 1778523894 3.242411 1 3.242411 3.242411 3.242411
5 1778523898 14.269436 1 14.269436 14.269436 14.269436
6 1778523898 78.311784 1 78.311784 78.311784 78.311784
7 1778523898 6.138865 1 6.138865 6.138865 6.138865
5 1778523903 14.191679 1 14.191679 14.191679 14.191679
6 1778523903 78.311579 1 78.311579 78.311579 78.311579
7 1778523903 3.124025 1 3.124025 3.124025 3.124025
5 1778523908 22.123762 1 22.123762 22.123762 22.123762
6 1778523908 78.772627 1 78.772627 78.772627 78.772627
7 1778523908 24.460042 1 24.460042 24.460042 24.460042
5 1778523913 37.788207 1 37.788207 37.788207 37.788207
6 1778523913 79.239126 1 79.239126 79.239126 79.239126
7 1778523913 39.344628 1 39.344628 39.344628 39.344628
5 1778523919 37.901399 1 37.901399 37.901399 37.901399
6 1778523919 79.220048 1 79.220048 79.220048 79.220048
7 1778523919 27.473938 1 27.473938 27.473938 27.473938
5 1778523923 43.648824 1 43.648824 43.648824 43.648824
6 1778523923 79.310629 1 79.310629 79.310629 79.310629
7 1778523923 63.197814 1 63.197814 63.197814 63.197814
5 1778523928 35.627702 1 35.627702 35.627702 35.627702
6 1778523928 79.283551 1 79.283551 79.283551 79.283551
7 1778523928 75.847061 1 75.847061 75.847061 75.847061
5 1778523934 31.522670 1 31.522670 31.522670 31.522670
6 1778523934 78.989393 1 78.989393 78.989393 78.989393
7 1778523934 100.000000 1 100.000000 100.000000 100.000000
5 1778523938 17.378655 1 17.378655 17.378655 17.378655
6 1778523938 78.758913 1 78.758913 78.758913 78.758913
7 1778523938 14.629646 1 14.629646 14.629646 14.629646
5 1778523943 56.002603 1 56.002603 56.002603 56.002603
6 1778523943 79.248298 1 79.248298 79.248298 79.248298
7 1778523943 100.000000 1 100.000000 100.000000 100.000000
5 1778523948 26.868437 1 26.868437 26.868437 26.868437
6 1778523948 79.334102 1 79.334102 79.334102 79.334102
7 1778523948 100.000000 1 100.000000 100.000000 100.000000
5 1778523953 18.917117 1 18.917117 18.917117 18.917117
6 1778523953 79.324578 1 79.324578 79.324578 79.324578
7 1778523953 19.839603 1 19.839603 19.839603 19.839603
5 1778523959 21.963681 1 21.963681 21.963681 21.963681
6 1778523959 79.331845 1 79.331845 79.331845 79.331845
7 1778523959 4.163365 1 4.163365 4.163365 4.163365
5 1778523963 22.992237 1 22.992237 22.992237 22.992237
6 1778523963 79.340168 1 79.340168 79.340168 79.340168
7 1778523963 100.000000 1 100.000000 100.000000 100.000000
5 1778523968 29.605349 1 29.605349 29.605349 29.605349
6 1778523968 79.335772 1 79.335772 79.335772 79.335772
7 1778523968 21.278973 1 21.278973 21.278973 21.278973
5 1778523973 21.755262 1 21.755262 21.755262 21.755262
6 1778523973 79.253338 1 79.253338 79.253338 79.253338
7 1778523973 22.722648 1 22.722648 22.722648 22.722648
5 1778523978 26.488255 1 26.488255 26.488255 26.488255
6 1778523978 78.867984 1 78.867984 78.867984 78.867984
7 1778523978 9.500576 1 9.500576 9.500576 9.500576
5 1778523983 24.891354 1 24.891354 24.891354 24.891354
6 1778523983 78.880292 1 78.880292 78.880292 78.880292
7 1778523983 9.311868 1 9.311868 9.311868 9.311868
5 1778523988 25.454177 1 25.454177 25.454177 25.454177
6 1778523988 78.887765 1 78.887765 78.887765 78.887765
7 1778523988 7.697903 1 7.697903 7.697903 7.697903
5 1778523993 18.431048 1 18.431048 18.431048 18.431048
6 1778523993 78.843222 1 78.843222 78.843222 78.843222
7 1778523993 10.604856 1 10.604856 10.604856 10.604856
5 1778523998 20.103985 1 20.103985 20.103985 20.103985
6 1778523998 78.845009 1 78.845009 78.845009 78.845009
7 1778523998 14.629640 1 14.629640 14.629640 14.629640
5 1778524003 27.311285 1 27.311285 27.311285 27.311285
6 1778524003 78.857522 1 78.857522 78.857522 78.857522
7 1778524003 14.132329 1 14.132329 14.132329 14.132329
5 1778524008 22.587719 1 22.587719 22.587719 22.587719
6 1778524008 78.872790 1 78.872790 78.872790 78.872790
7 1778524008 8.002091 1 8.002091 8.002091 8.002091
5 1778524013 21.989191 1 21.989191 21.989191 21.989191
6 1778524013 78.871940 1 78.871940 78.871940 78.871940
7 1778524013 9.039675 1 9.039675 9.039675 9.039675
5 1778524018 40.592196 1 40.592196 40.592196 40.592196
6 1778524018 79.250906 1 79.250906 79.250906 79.250906
7 1778524018 13.291684 1 13.291684 13.291684 13.291684
5 1778524024 36.950720 1 36.950720 36.950720 36.950720
6 1778524024 79.612700 1 79.612700 79.612700 79.612700
7 1778524024 31.471786 1 31.471786 31.471786 31.471786
5 1778524028 24.777442 1 24.777442 24.777442 24.777442
6 1778524028 79.537241 1 79.537241 79.537241 79.537241
7 1778524028 3.053636 1 3.053636 3.053636 3.053636
5 1778524033 22.167289 1 22.167289 22.167289 22.167289
6 1778524033 79.455950 1 79.455950 79.455950 79.455950
7 1778524033 5.927930 1 5.927930 5.927930 5.927930
5 1778524038 23.072325 1 23.072325 23.072325 23.072325
6 1778524038 79.453078 1 79.453078 79.453078 79.453078
7 1778524038 3.004462 1 3.004462 3.004462 3.004462
5 1778524043 17.786654 1 17.786654 17.786654 17.786654
6 1778524043 79.465972 1 79.465972 79.465972 79.465972
7 1778524043 2.724813 1 2.724813 2.724813 2.724813
5 1778524048 25.193299 1 25.193299 25.193299 25.193299
6 1778524048 79.468082 1 79.468082 79.468082 79.468082
7 1778524048 16.153084 1 16.153084 16.153084 16.153084
5 1778524053 30.516648 1 30.516648 30.516648 30.516648
6 1778524053 79.455862 1 79.455862 79.455862 79.455862
7 1778524053 6.082919 1 6.082919 6.082919 6.082919
5 1778524058 22.584801 1 22.584801 22.584801 22.584801
6 1778524058 79.218026 1 79.218026 79.218026 79.218026
7 1778524058 7.024019 1 7.024019 7.024019 7.024019
5 1778524063 19.041046 1 19.041046 19.041046 19.041046
6 1778524063 79.197836 1 79.197836 79.197836 79.197836
7 1778524063 5.366410 1 5.366410 5.366410 5.366410
5 1778524068 19.973483 1 19.973483 19.973483 19.973483
6 1778524068 78.810928 1 78.810928 78.810928 78.810928
7 1778524068 29.908891 1 29.908891 29.908891 29.908891
5 1778524073 24.223296 1 24.223296 24.223296 24.223296
6 1778524073 78.793170 1 78.793170 78.793170 78.793170
7 1778524073 4.516559 1 4.516559 4.516559 4.516559
5 1778524078 33.846721 1 33.846721 33.846721 33.846721
6 1778524078 78.829859 1 78.829859 78.829859 78.829859
7 1778524078 13.112768 1 13.112768 13.112768 13.112768
5 1778524083 17.510880 1 17.510880 17.510880 17.510880
6 1778524083 78.818958 1 78.818958 78.818958 78.818958
7 1778524083 11.892713 1 11.892713 11.892713 11.892713
5 1778524088 21.033190 1 21.033190 21.033190 21.033190
6 1778524088 78.751586 1 78.751586 78.751586 78.751586
7 1778524088 7.388802 1 7.388802 7.388802 7.388802
5 1778524093 28.504546 1 28.504546 28.504546 28.504546
6 1778524093 78.750356 1 78.750356 78.750356 78.750356
7 1778524093 3.355230 1 3.355230 3.355230 3.355230
5 1778524098 18.832058 1 18.832058 18.832058 18.832058
6 1778524098 78.724304 1 78.724304 78.724304 78.724304
7 1778524098 3.202710 1 3.202710 3.202710 3.202710
5 1778524103 25.009198 1 25.009198 25.009198 25.009198
6 1778524103 78.720787 1 78.720787 78.720787 78.720787
7 1778524103 2.521032 1 2.521032 2.521032 2.521032
5 1778524108 18.937473 1 18.937473 18.937473 18.937473
6 1778524108 78.715249 1 78.715249 78.715249 78.715249
7 1778524108 7.034185 1 7.034185 7.034185 7.034185
5 1778524113 20.212152 1 20.212152 20.212152 20.212152
6 1778524113 78.720201 1 78.720201 78.720201 78.720201
7 1778524113 2.388778 1 2.388778 2.388778 2.388778
5 1778524118 25.571836 1 25.571836 25.571836 25.571836
6 1778524118 78.709066 1 78.709066 78.709066 78.709066
7 1778524118 2.501392 1 2.501392 2.501392 2.501392
5 1778524123 18.849993 1 18.849993 18.849993 18.849993
6 1778524123 78.711908 1 78.711908 78.711908 78.711908
7 1778524123 2.435935 1 2.435935 2.435935 2.435935
5 1778524129 24.953370 1 24.953370 24.953370 24.953370
6 1778524129 78.708978 1 78.708978 78.708978 78.708978
7 1778524129 3.672174 1 3.672174 3.672174 3.672174
5 1778524133 24.226352 1 24.226352 24.226352 24.226352
6 1778524133 78.710502 1 78.710502 78.710502 78.710502
7 1778524133 12.865155 1 12.865155 12.865155 12.865155
5 1778524138 20.001000 1 20.001000 20.001000 20.001000
6 1778524138 78.718238 1 78.718238 78.718238 78.718238
7 1778524138 1.240159 1 1.240159 1.240159 1.240159
5 1778524143 21.294203 1 21.294203 21.294203 21.294203
6 1778524143 78.754986 1 78.754986 78.754986 78.754986
7 1778524143 2.604998 1 2.604998 2.604998 2.604998
5 1778524148 26.454430 1 26.454430 26.454430 26.454430
6 1778524148 78.770459 1 78.770459 78.770459 78.770459
7 1778524148 1.986231 1 1.986231 1.986231 1.986231
5 1778524154 32.339567 1 32.339567 32.339567 32.339567
6 1778524154 79.210056 1 79.210056 79.210056 79.210056
7 1778524154 29.871714 1 29.871714 29.871714 29.871714
5 1778524158 47.470947 1 47.470947 47.470947 47.470947
6 1778524158 78.719205 1 78.719205 78.719205 78.719205
7 1778524158 49.462279 1 49.462279 49.462279 49.462279
5 1778524163 22.383168 1 22.383168 22.383168 22.383168
6 1778524163 78.866314 1 78.866314 78.866314 78.866314
7 1778524163 3.597084 1 3.597084 3.597084 3.597084
5 1778524168 31.783204 1 31.783204 31.783204 31.783204
6 1778524168 78.794430 1 78.794430 78.794430 78.794430
7 1778524168 7.732508 1 7.732508 7.732508 7.732508
